.000,23644.000
23661.000,0.000,23669.000
23659.000,0.000,23658.000
23649.000,0.000,23623.000
23668.000,0.000,23656.000
23660.000,0.000,23636.000
23673.000,0.000,23646.000
23657.000,0.000,23641.000
23659.000,0.000,23628.000
23652.000,0.000,23646.000
23652.000,0.000,23621.000
23660.000,0.000,23632.000
23664.000,0.000,23646.000
23665.000,0.000,23636.000
23649.000,0.000,23632.000
23670.000,0.000,23633.000
23656.000,0.000,23639.000
23669.000,0.000,23647.000
23676.000,0.000,23645.000
23661.000,0.000,23639.000
23653.000,0.000,23637.000
23651.000,0.000,23639.000
23657.000,0.000,23631.000
23670.000,0.000,23643.000
23657.000,0.000,23653.000
23659.000,0.000,23639.000
23658.000,0.000,23649.000
23656.000,0.000,23635.000
23652.000,0.000,23648.000
23669.000,0.000,23645.000
23666.000,0.000,23648.000
23670.000,0.000,23632.000
23652.000,0.000,23633.000
23666.000,0.000,23655.000
23668.000,0.000,23640.000
23671.000,0.000,23653.000
23651.000,0.000,23640.000
23659.000,0.000,23633.000
23664.000,0.000,23633.000
23666.000,0.000,23638.000
23661.000,0.000,23657.000
23658.000,0.000,23659.000
23666.000,0.000,23649.000
23658.000,0.000,23651.000
23651.000,0.000,23626.000
23668.000,0.000,23652.000
23659.000,0.000,23643.000
23670.000,0.000,23649.000
23664.000,0.000,23650.000
23657.000,0.000,23627.000
23670.000,0.000,23636.000
23657.000,0.000,23637.000
23663.000,0.000,23652.000
23660.000,0.000,23651.000
23658.000,0.000,23646.000
23650.000,0.000,23641.000
23665.000,0.000,23638.000
23659.000,0.000,23649.000
23673.000,0.000,23642.000
23662.000,0.000,23653.000
23668.000,0.000,23620.000
23649.000,0.000,23636.000
23659.000,0.000,23643.000
23667.000,0.000,23659.000
23660.000,0.000,23662.000
23663.000,0.000,23638.000
23662.000,0.000,23651.000
23659.000,0.000,23649.000
23655.000,0.000,23659.000
23660.000,0.000,23658.000
28978.000,0.000,30265.000
3801.000,0.000,24026.000
6052.000,0.000,28935.000
14978.000,0.000,31180.000
23518.000,0.000,23305.000
27372.000,0.000,25091.000
32676.000,0.000,17815.000
34804.000,0.000,9478.000
42214.000,0.000,11395.000
49725.000,0.000,23168.000
49704.000,0.000,32304.000
42491.000,0.000,32367.000
36309.000,0.000,35283.000
36302.000,0.000,36475.000
34909.000,0.000,35588.000
32326.000,0.000,35875.000
32281.000,0.000,36313.000
30409.000,0.000,32602.000
29079.000,0.000,32217.000
30182.000,0.000,32124.000
30507.000,0.000,30342.000
29669.000,0.000,29447.000
32193.000,0.000,29979.000
32615.000,0.000,27528.000
32954.000,0.000,26833.000
38695.000,0.000,32183.000
42060.000,0.000,32645.000
42590.000,0.000,34037.000
41878.000,0.000,41860.000
43718.000,0.000,44206.000
39790.000,0.000,43892.000
32232.000,0.000,43102.000
32005.000,0.000,43399.000
29585.000,0.000,38489.000
25039.000,0.000,32202.000
25640.000,0.000,32076.000
28427.000,0.000,30624.000
29142.000,0.000,28822.000
30040.000,0.000,29628.000
32240.000,0.000,30892.000
32589.000,0.000,29754.000
32648.000,0.000,29426.000
34951.000,0.000,32122.000
37506.000,0.000,32574.000
38374.000,0.000,32669.000
37010.000,0.000,35800.000
37832.000,0.000,38149.000
37211.000,0.000,37635.000
32710.000,0.000,35762.000
32138.000,0.000,36412.000
32178.000,0.000,35703.000
31263.000,0.000,32759.000
30014.000,0.000,32183.000
30234.000,0.000,32196.000
31795.000,0.000,31964.000
31307.000,0.000,31008.000
31449.000,0.000,31187.000
32391.000,0.000,30956.000
32614.000,0.000,29240.000
32909.000,0.000,29459.000
37284.000,0.000,32482.000
39659.000,0.000,32579.000
39171.000,0.000,33837.000
39126.000,0.000,39381.000
39585.000,0.000,40014.000
35715.000,0.000,38483.000
32221.000,0.000,38664.000
32110.000,0.000,38327.000
31422.000,0.000,34787.000
29228.000,0.000,32194.000
29154.000,0.000,32139.000
31438.000,0.000,31853.000
31437.000,0.000,31215.000
31277.000,0.000,31002.000
32146.000,0.000,31430.000
32592.000,0.000,30120.000
32577.000,0.000,29279.000
35378.000,0.000,32196.000
38312.000,0.000,32572.000
38905.000,0.000,32718.000
37802.000,0.000,37495.000
38998.000,0.000,39420.000
37780.000,0.000,38490.000
32414.000,0.000,37285.000
32111.000,0.000,37699.000
32165.000,0.000,36267.000
30092.000,0.000,32411.000
29207.000,0.000,32168.000
30396.000,0.000,32101.000
31570.000,0.000,31465.000
31061.000,0.000,30740.000
31947.000,0.000,31582.000
32473.000,0.000,30551.000
32591.000,0.000,29097.000
33742.000,0.000,30337.000
37863.000,0.000,32541.000
39773.000,0.000,32629.000
38838.000,0.000,34952.000
39255.000,0.000,39530.000
39012.000,0.000,39512.000
34221.000,0.000,37945.000
32130.000,0.000,38335.000
32087.000,0.000,37677.000
30583.000,0.000,33497.000
29180.000,0.000,32161.000
29532.000,0.000,32194.000
31549.000,0.000,31721.000
31234.000,0.000,30931.000
31381.000,0.000,31105.000
32290.000,0.000,31117.000
32617.000,0.000,29586.000
32660.000,0.000,29269.000
36319.000,0.000,32340.000
38746.000,0.000,32600.000
38775.000,0.000,33100.000
38248.000,0.000,38352.000
39098.000,0.000,39508.000
36731.000,0.000,38123.000
32269.000,0.000,37803.000
32074.000,0.000,37789.000
32065.000,0.000,35306.000
29843.000,0.000,32295.000
29328.000,0.000,32181.000
31164.000,0.000,32080.000
31507.000,0.000,31324.000
31027.000,0.000,30744.000
32075.000,0.000,31594.000
32583.000,0.000,30444.000
32598.000,0.000,29200.000
34705.000,0.000,31477.000
38029.000,0.000,32600.000
39338.000,0.000,32662.000
38176.000,0.000,36412.000
39201.000,0.000,39571.000
38493.000,0.000,38971.000
32699.000,0.000,37281.000
32117.000,0.000,38067.000
32146.000,0.000,36728.000
30134.000,0.000,32511.000
29175.000,0.000,32107.000
29994.000,0.000,32162.000
31587.000,0.000,31644.000
31169.000,0.000,30869.000
31661.000,0.000,31362.000
32426.000,0.000,30898.000
32612.000,0.000,29410.000
33099.000,0.000,29919.000
37154.000,0.000,32448.000
39324.000,0.000,32627.000
38579.000,0.000,33926.000
38834.000,0.000,38981.000
39098.000,0.000,39542.000
35267.000,0.000,37897.000
32219.000,0.000,38153.000
32114.000,0.000,37926.000
31375.000,0.000,34653.000
29433.000,0.000,32231.000
29329.000,0.000,32143.000
31519.000,0.000,31877.000
31396.000,0.000,31144.000
31213.000,0.000,30920.000
32181.000,0.000,31288.000
32606.000,0.000,29875.000
32634.000,0.000,29054.000
35790.000,0.000,32310.000
38796.000,0.000,32594.000
39169.000,0.000,32693.000
38252.000,0.000,38192.000
39511.000,0.000,39915.000
37830.000,0.000,38839.000
32407.000,0.000,37771.000
32096.000,0.000,38046.000
32103.000,0.000,36259.000
29828.000,0.000,32342.000
29095.000,0.000,32106.000
30628.000,0.000,32148.000
31561.000,0.000,31383.000
31104.000,0.000,30789.000
32015.000,0.000,31680.000
32513.000,0.000,30601.000
32657.000,0.000,29322.000
33922.000,0.000,30757.000
37697.000,0.000,32520.000
39400.000,0.000,32635.000
38313.000,0.000,35134.000
38880.000,0.000,39136.000
38637.000,0.000,39133.000
33783.000,0.000,37420.000
32163.000,0.000,37898.000
32181.000,0.000,37267.000
30644.000,0.000,33150.000
29416.000,0.000,32153.000
29812.000,0.000,32127.000
31635.000,0.000,31756.000
31265.000,0.000,31018.000
31433.000,0.000,31170.000
32325.000,0.000,31095.000
32606.000,0.000,29478.000
32743.000,0.000,29321.000
36524.000,0.000,32411.000
38924.000,0.000,32599.000
38874.000,0.000,33303.000
38424.000,0.000,38567.000
39179.000,0.000,39658.000
36482.000,0.000,38270.000
32255.000,0.000,38039.000
32097.000,0.000,37918.000
31945.000,0.000,35135.000
29648.000,0.000,32217.000
29230.000,0.000,32118.000
31211.000,0.000,31972.000
31465.000,0.000,31183.000
30989.000,0.000,30657.000
32115.000,0.000,31523.000
32537.000,0.000,30275.000
32598.000,0.000,29154.000
35075.000,0.000,31698.000
38258.000,0.000,32574.000
39348.000,0.000,32682.000
38219.000,0.000,36889.000
39322.000,0.000,39722.000
38393.000,0.000,38961.000
32552.000,0.000,37435.000
32115.000,0.000,38157.000
32149.000,0.000,36734.000
29979.000,0.000,32528.000
29090.000,0.000,32158.000
30057.000,0.000,32119.000
31595.000,0.000,31572.000
31162.000,0.000,30781.000
31755.000,0.000,31387.000
32458.000,0.000,30809.000
32566.000,0.000,29331.000
33230.000,0.000,30093.000
37252.000,0.000,32479.000
39274.000,0.000,32572.000
38471.000,0.000,34085.000
38787.000,0.000,39080.000
38917.000,0.000,39403.000
34860.000,0.000,37689.000
32206.000,0.000,38034.000
32107.000,0.000,37755.000
31295.000,0.000,34166.000
29544.000,0.000,32223.000
29464.000,0.000,32128.000
31576.000,0.000,31891.000
31423.000,0.000,31175.000
31309.000,0.000,31044.000
32246.000,0.000,31338.000
32609.000,0.000,29817.000
32625.000,0.000,29204.000
35921.000,0.000,32238.000
38788.000,0.000,32561.000
38983.000,0.000,32829.000
38200.000,0.000,38194.000
39322.000,0.000,39796.000
37526.000,0.000,38551.000
32317.000,0.000,37744.000
32069.000,0.000,37925.000
32060.000,0.000,35947.000
29819.000,0.000,32326.000
29112.000,0.000,32170.000
30764.000,0.000,32106.000
31548.000,0.000,31349.000
31128.000,0.000,30831.000
32067.000,0.000,31683.000
32518.000,0.000,30529.000
32600.000,0.000,29231.000
34103.000,0.000,30927.000
37862.000,0.000,32579.000
39492.000,0.000,32680.000
38319.000,0.000,35423.000
38978.000,0.000,39273.000
38555.000,0.000,39089.000
33458.000,0.000,37457.000
32117.000,0.000,37967.000
32150.000,0.000,37221.000
30368.000,0.000,32945.000
29335.000,0.000,32144.000
29827.000,0.000,32223.000
31604.000,0.000,31705.000
31218.000,0.000,30967.000
31486.000,0.000,31178.000
32355.000,0.000,30969.000
32619.000,0.000,29412.000
32784.000,0.000,29420.000
36718.000,0.000,32453.000
39047.000,0.000,32593.000
38825.000,0.000,33473.000
38574.000,0.000,38746.000
39164.000,0.000,39618.000
36176.000,0.000,38131.000
32253.000,0.000,38129.000
32100.000,0.000,37877.000
31813.000,0.000,34881.000
29567.000,0.000,32215.000
29295.000,0.000,32202.000
31264.000,0.000,31999.000
31424.000,0.000,31231.000
31045.000,0.000,30742.000
32173.000,0.000,31517.000
32623.000,0.000,30251.000
32571.000,0.000,29219.000
35188.000,0.000,31945.000
38232.000,0.000,32598.000
39230.000,0.000,32685.000
38123.000,0.000,37034.000
39271.000,0.000,39632.000
38170.000,0.000,38799.000
32480.000,0.000,37415.000
32106.000,0.000,38031.000
32133.000,0.000,36530.000
30007.000,0.000,32475.000
29156.000,0.000,32143.000
30129.000,0.000,32148.000
31610.000,0.000,31508.000
31146.000,0.000,30842.000
31849.000,0.000,31505.000
32446.000,0.000,30755.000
32609.000,0.000,29327.000
33414.000,0.000,30253.000
37349.000,0.000,32508.000
39333.000,0.000,32631.000
38443.000,0.000,34356.000
38889.000,0.000,39126.000
38927.000,0.000,39396.000
34628.000,0.000,37692.000
32129.000,0.000,38117.000
32107.000,0.000,37778.000
31135.000,0.000,33977.000
29444.000,0.000,32167.000
29444.000,0.000,32147.000
31575.000,0.000,31803.000
31358.000,0.000,31106.000
31310.000,0.000,30996.000
32212.000,0.000,31250.000
32586.000,0.000,29774.000
32651.000,0.000,29227.000
36113.000,0.000,32261.000
38925.000,0.000,32631.000
39029.000,0.000,32962.000
38332.000,0.000,38408.000
39387.000,0.000,39843.000
37332.000,0.000,38646.000
32315.000,0.000,37897.000
32075.000,0.000,37963.000
32002.000,0.000,35878.000
29749.000,0.000,32355.000
29108.000,0.000,32133.000
30800.000,0.000,32067.000
31516.000,0.000,31322.000
31103.000,0.000,30815.000
32067.000,0.000,31694.000
32509.000,0.000,30437.000
32625.000,0.000,29218.000
34273.000,0.000,31081.000
37966.000,0.000,32579.000
39486.000,0.000,32626.000
38298.000,0.000,35705.000
38944.000,0.000,39261.000
38476.000,0.000,38972.000
33282.000,0.000,37406.000
32096.000,0.000,37967.000
32141.000,0.000,37108.000
30224.000,0.000,32696.000
29270.000,0.000,32173.000
29962.000,0.000,32147.000
31611.000,0.000,31714.000
31169.000,0.000,30887.000
31544.000,0.000,31291.000
32400.000,0.000,30911.000
32620.000,0.000,29274.000
32898.000,0.000,29553.000
36877.000,0.000,32370.000
39065.000,0.000,32595.000
38770.000,0.000,33787.000
38673.000,0.000,38867.000
39165.000,0.000,39618.000
35880.000,0.000,38062.000
32260.000,0.000,38123.000
32109.000,0.000,37840.000
31691.000,0.000,34676.000
29574.000,0.000,32202.000
29292.000,0.000,32167.000
31357.000,0.000,31908.000
31357.000,0.000,31113.000
31017.000,0.000,30744.000
32134.000,0.000,31437.000
32583.000,0.000,30161.000
32634.000,0.000,29199.000
35446.000,0.000,32047.000
38436.000,0.000,32615.000
39193.000,0.000,32734.000
38102.000,0.000,37370.000
39346.000,0.000,39727.000
38041.000,0.000,38816.000
32452.000,0.000,37510.000
32105.000,0.000,38114.000
32101.000,0.000,36403.000
29873.000,0.000,32466.000
29084.000,0.000,32184.000
30248.000,0.000,32131.000
31564.000,0.000,31505.000
31104.000,0.000,30820.000
31927.000,0.000,31612.000
32488.000,0.000,30708.000
32610.000,0.000,29153.000
33634.000,0.000,30424.000
37487.000,0.000,32486.000
39380.000,0.000,32577.000
38363.000,0.000,34642.000
38939.000,0.000,39230.000
38859.000,0.000,39294.000
34280.000,0.000,37629.000
32130.000,0.000,38120.000
32108.000,0.000,37663.000
30973.000,0.000,33765.000
29421.000,0.000,32189.000
29533.000,0.000,32113.000
31642.000,0.000,31757.000
31343.000,0.000,31051.000
31376.000,0.000,31041.000
32237.000,0.000,31189.000
32614.000,0.000,29682.000
32672.000,0.000,29262.000
36250.000,0.000,32377.000
38968.000,0.000,32609.000
38911.000,0.000,33033.000
38433.000,0.000,38537.000
39353.000,0.000,39800.000
37126.000,0.000,38525.000
32265.000,0.000,37861.000
32057.000,0.000,37887.000
31923.000,0.000,35511.000
29672.000,0.000,32262.000
29158.000,0.000,32147.000
30981.000,0.000,32039.000
31443.000,0.000,31352.000
31162.000,0.000,30827.000
32062.000,0.000,31644.000
32538.000,0.000,30329.000
32562.000,0.000,29151.000
34581.000,0.000,31247.000
38155.000,0.000,32546.000
39538.000,0.000,32610.000
38208.000,0.000,36173.000
39069.000,0.000,39395.000
38356.000,0.000,38884.000
32836.000,0.000,37363.000
32139.000,0.000,38064.000
32127.000,0.000,37012.000
30100.000,0.000,32669.000
29237.000,0.000,32160.000
30022.000,0.000,32132.000
31580.000,0.000,31578.000
31122.000,0.000,30847.000
31604.000,0.000,31343.000
32415.000,0.000,30912.000
32631.000,0.000,29255.000
33062.000,0.000,29717.000
37043.000,0.000,32520.000
39141.000,0.000,32631.000
38717.000,0.000,34003.000
38772.000,0.000,38998.000
39143.000,0.000,39611.000
35473.000,0.000,38000.000
32240.000,0.000,38145.000
32094.000,0.000,37750.000
31538.000,0.000,34393.000
29539.000,0.000,32226.000
29362.000,0.000,32166.000
31438.000,0.000,31879.000
31377.000,0.000,31115.000
31117.000,0.000,30799.000
32212.000,0.000,31423.000
32699.000,0.000,30146.000
32639.000,0.000,29250.000
35630.000,0.000,32216.000
38532.000,0.000,32616.000
39117.000,0.000,32769.000
38065.000,0.000,37749.000
39281.000,0.000,39698.000
37746.000,0.000,38618.000
32376.000,0.000,37587.000
32080.000,0.000,38023.000
32087.000,0.000,36197.000
29854.000,0.000,32374.000
29083.000,0.000,32213.000
30472.000,0.000,32139.000
31570.000,0.000,31476.000
31078.000,0.000,30818.000
31984.000,0.000,31607.000
32547.000,0.000,30610.000
32611.000,0.000,29216.000
33829.000,0.000,30682.000
37726.000,0.000,32536.000
39384.000,0.000,32618.000
38223.000,0.000,35037.000
39002.000,0.000,39292.000
38754.000,0.000,39216.000
33877.000,0.000,37535.000
32167.000,0.000,38116.000
32152.000,0.000,37497.000
30758.000,0.000,33404.000
29401.000,0.000,32137.000
29627.000,0.000,32119.000
31600.000,0.000,31770.000
31310.000,0.000,31009.000
31439.000,0.000,31118.000
32309.000,0.000,31124.000
32604.000,0.000,29582.000
32690.000,0.000,29401.000
36465.000,0.000,32441.000
39089.000,0.000,32595.000
38821.000,0.000,33230.000
38594.000,0.000,38671.000
39355.000,0.000,39782.000
36713.000,0.000,38381.000
32251.000,0.000,37927.000
32114.000,0.000,37852.000
31833.000,0.000,35235.000
29627.000,0.000,32262.000
29149.000,0.000,32199.000
31152.000,0.000,32031.000
31474.000,0.000,31270.000
31153.000,0.000,30864.000
32099.000,0.000,31592.000
32522.000,0.000,30276.000
32576.000,0.000,29161.000
34944.000,0.000,31624.000
38271.000,0.000,32544.000
39429.000,0.000,32703.000
38125.000,0.000,36598.000
39038.000,0.000,39385.000
38153.000,0.000,38778.000
32544.000,0.000,37366.000
32116.000,0.000,37993.000
32157.000,0.000,36761.000
30037.000,0.000,32544.000
29277.000,0.000,32186.000
30260.000,0.000,32179.000
31591.000,0.000,31578.000
31133.000,0.000,30812.000
31708.000,0.000,31426.000
32425.000,0.000,30807.000
32625.000,0.000,29164.000
33244.000,0.000,29954.000
37163.000,0.000,32479.000
39181.000,0.000,32566.000
38595.000,0.000,34365.000
38809.000,0.000,39034.000
39057.000,0.000,39539.000
35042.000,0.000,37833.000
32182.000,0.000,38119.000
32110.000,0.000,37545.000
31309.000,0.000,33986.000
29472.000,0.000,32193.000
29406.000,0.000,32164.000
31513.000,0.000,31824.000
31300.000,0.000,31089.000
31156.000,0.000,30873.000
32220.000,0.000,31355.000
32589.000,0.000,29998.000
32629.000,0.000,29316.000
35888.000,0.000,32267.000
38597.000,0.000,32593.000
38968.000,0.000,32850.000
38184.000,0.000,38068.000
39297.000,0.000,39738.000
37466.000,0.000,38529.000
32362.000,0.000,37606.000
32075.000,0.000,37971.000
32107.000,0.000,35948.000
29786.000,0.000,32349.000
29069.000,0.000,32170.000
30620.000,0.000,32131.000
31549.000,0.000,31407.000
31090.000,0.000,30741.000
32049.000,0.000,31593.000
32487.000,0.000,30542.000
32646.000,0.000,29196.000
34108.000,0.000,30864.000
37789.000,0.000,32566.000
39349.000,0.000,32640.000
38197.000,0.000,35297.000
39071.000,0.000,39379.000
38655.000,0.000,39182.000
33560.000,0.000,37526.000
32158.000,0.000,38132.000
32137.000,0.000,37421.000
30492.000,0.000,33116.000
29327.000,0.000,32175.000
29790.000,0.000,32166.000
31633.000,0.000,31741.000
31239.000,0.000,30983.000
31461.000,0.000,31210.000
32348.000,0.000,31038.000
32620.000,0.000,29472.000
32739.000,0.000,29514.000
36690.000,0.000,32457.000
39166.000,0.000,32583.000
38791.000,0.000,33468.000
38676.000,0.000,38877.000
39359.000,0.000,39730.000
36452.000,0.000,38265.000
32224.000,0.000,37958.000
32109.000,0.000,37832.000
31741.000,0.000,35047.000
29541.000,0.000,32262.000
29091.000,0.000,32179.000
31208.000,0.000,31930.000
31408.000,0.000,31181.000
31147.000,0.000,30854.000
32111.000,0.000,31573.000
32586.000,0.000,30181.000
32618.000,0.000,29173.000
35241.000,0.000,31824.000
38400.000,0.000,32558.000
39413.000,0.000,32696.000
38046.000,0.000,37013.000
39113.000,0.000,39419.000
37982.000,0.000,38737.000
32495.000,0.000,37475.000
32108.000,0.000,37992.000
32177.000,0.000,36651.000
29930.000,0.000,32475.000
29195.000,0.000,32181.000
30323.000,0.000,32115.000
31553.000,0.000,31488.000
31093.000,0.000,30796.000
31772.000,0.000,31487.000
32458.000,0.000,30633.000
32630.000,0.000,29100.000
33372.000,0.000,30111.000
37347.000,0.000,32498.000
39239.000,0.000,32655.000
38551.000,0.000,34604.000
38894.000,0.000,39156.000
39009.000,0.000,39492.000
34742.000,0.000,37822.000
32190.000,0.000,38166.000
32143.000,0.000,37580.000
31165.000,0.000,33780.000
29408.000,0.000,32186.000
29454.000,0.000,32142.000
31504.000,0.000,31823.000
31270.000,0.000,31015.000
31140.000,0.000,30900.000
32230.000,0.000,31326.000
32655.000,0.000,29926.000
32636.000,0.000,29354.000
36054.000,0.000,32330.000
38730.000,0.000,32588.000
38972.000,0.000,32921.000
38216.000,0.000,38270.000
39320.000,0.000,39735.000
37295.000,0.000,38423.000
32260.000,0.000,37784.000
32080.000,0.000,37965.000
32048.000,0.000,35687.000
29700.000,0.000,32322.000
29046.000,0.000,32180.000
30710.000,0.000,32097.000
31518.000,0.000,31376.000
31031.000,0.000,30731.000
32032.000,0.000,31598.000
32496.000,0.000,30452.000
32598.000,0.000,29151.000
34346.000,0.000,31080.000
37981.000,0.000,32566.000
39380.000,0.000,32610.000
38154.000,0.000,35639.000
39148.000,0.000,39465.000
38573.000,0.000,39047.000
33153.000,0.000,37533.000
32146.000,0.000,38154.000
32156.000,0.000,37367.000
30335.000,0.000,32933.000
29352.000,0.000,32180.000
29822.000,0.000,32121.000
31634.000,0.000,31655.000
31187.000,0.000,30908.000
31530.000,0.000,31314.000
32419.000,0.000,30946.000
32616.000,0.000,29411.000
32837.000,0.000,29574.000
36853.000,0.000,32484.000
39287.000,0.000,32666.000
38760.000,0.000,33657.000
38785.000,0.000,38992.000
39310.000,0.000,39744.000
36059.000,0.000,38204.000
32329.000,0.000,38050.000
32097.000,0.000,37846.000
31587.000,0.000,34783.000
29494.000,0.000,32225.000
29167.000,0.000,32164.000
31246.000,0.000,31912.000
31407.000,0.000,31171.000
31177.000,0.000,30899.000
32129.000,0.000,31479.000
32611.000,0.000,30116.000
32630.000,0.000,29171.000
35396.000,0.000,31961.000
38500.000,0.000,32592.000
39369.000,0.000,32717.000
38035.000,0.000,37175.000
39049.000,0.000,39461.000
37870.000,0.000,38632.000
32455.000,0.000,37469.000
32110.000,0.000,38015.000
32171.000,0.000,36494.000
29841.000,0.000,32461.000
29162.000,0.000,32201.000
30437.000,0.000,32086.000
31526.000,0.000,31460.000
31072.000,0.000,30759.000
31827.000,0.000,31498.000
32462.000,0.000,30585.000
32625.000,0.000,29119.000
33513.000,0.000,30270.000
37426.000,0.000,32521.000
39256.000,0.000,32623.000
38519.000,0.000,34723.000
38911.000,0.000,39143.000
38930.000,0.000,39460.000
34498.000,0.000,37760.000
32194.000,0.000,38178.000
32112.000,0.000,37513.000
31029.000,0.000,33579.000
29386.000,0.000,32175.000
29550.000,0.000,32174.000
31520.000,0.000,31737.000
31260.000,0.000,30944.000
31199.000,0.000,30942.000
32295.000,0.000,31275.000
32666.000,0.000,29800.000
32709.000,0.000,29352.000
36173.000,0.000,32370.000
38855.000,0.000,32603.000
38940.000,0.000,33019.000
38371.000,0.000,38406.000
39334.000,0.000,39720.000
37045.000,0.000,38405.000
32304.000,0.000,37860.000
32125.000,0.000,37959.000
31960.000,0.000,35582.000
29630.000,0.000,32296.000
29026.000,0.000,32161.000
30842.000,0.000,32089.000
31537.000,0.000,31362.000
31044.000,0.000,30771.000
32067.000,0.000,31596.000
32538.000,0.000,30400.000
32599.000,0.000,29135.000
34482.000,0.000,31285.000
38031.000,0.000,32572.000
39359.000,0.000,32685.000
38033.000,0.000,35856.000
39098.000,0.000,39446.000
38461.000,0.000,38937.000
33041.000,0.000,37443.000
32150.000,0.000,38129.000
32136.000,0.000,37255.000
30337.000,0.000,32753.000
29355.000,0.000,32164.000
29951.000,0.000,32145.000
31615.000,0.000,31666.000
31203.000,0.000,31066.000
31594.000,0.000,31357.000
32374.000,0.000,30908.000
32566.000,0.000,29379.000
32895.000,0.000,29675.000
37028.000,0.000,32491.000
39271.000,0.000,32606.000
38737.000,0.000,33843.000
38865.000,0.000,39045.000
39244.000,0.000,39796.000
35871.000,0.000,38122.000
32219.000,0.000,38038.000
32117.000,0.000,37787.000
31476.000,0.000,34663.000
29491.000,0.000,32189.000
29205.000,0.000,32147.000
31361.000,0.000,31903.000
31366.000,0.000,31152.000
31228.000,0.000,30932.000
32196.000,0.000,31464.000
32581.000,0.000,30061.000
32596.000,0.000,29216.000
35607.000,0.000,32132.000
38520.000,0.000,32615.000
39268.000,0.000,32701.000
37980.000,0.000,37475.000
38992.000,0.000,39464.000
37771.000,0.000,38579.000
32397.000,0.000,37522.000
32055.000,0.000,37932.000
32140.000,0.000,36334.000
29888.000,0.000,32436.000
29152.000,0.000,32169.000
30531.000,0.000,32156.000
31502.000,0.000,31430.000
31071.000,0.000,30781.000
31887.000,0.000,31536.000
32437.000,0.000,30476.000
32610.000,0.000,29012.000
33595.000,0.000,30359.000
37536.000,0.000,32548.000
39267.000,0.000,32642.000
38459.000,0.000,34950.000
38994.000,0.000,39257.000
38936.000,0.000,39360.000
34223.000,0.000,37676.000
32156.000,0.000,38172.000
32150.000,0.000,37456.000
30843.000,0.000,33373.000
29327.000,0.000,32154.000
29597.000,0.000,32154.000
31560.000,0.000,31684.000
31213.000,0.000,30915.000
31238.000,0.000,30953.000
32312.000,0.000,31184.000
32639.000,0.000,29836.000
32671.000,0.000,29415.000
36306.000,0.000,32350.000
38810.000,0.000,32575.000
38857.000,0.000,33108.000
38411.000,0.000,38548.000
39286.000,0.000,39697.000
36889.000,0.000,38325.000
32276.000,0.000,37875.000
32085.000,0.000,37904.000
31941.000,0.000,35481.000
29608.000,0.000,32269.000
29021.000,0.000,32214.000
30926.000,0.000,32083.000
31465.000,0.000,31311.000
31112.000,0.000,30729.000
32252.000,0.000,31554.000
32548.000,0.000,30354.000
32577.000,0.000,29144.000
34710.000,0.000,31367.000
38118.000,0.000,32567.000
39347.000,0.000,32648.000
38067.000,0.000,36179.000
39126.000,0.000,39511.000
38368.000,0.000,38877.000
32690.000,0.000,37446.000
32114.000,0.000,38169.000
32107.000,0.000,37122.000
30139.000,0.000,32661.000
29294.000,0.000,32187.000
30023.000,0.000,32145.000
31577.000,0.000,31623.000
31172.000,0.000,30796.000
31683.000,0.000,31418.000
32410.000,0.000,30873.000
32598.000,0.000,29322.000
33046.000,0.000,29826.000
37133.000,0.000,32518.000
39292.000,0.000,32647.000
38625.000,0.000,34107.000
38907.000,0.000,39150.000
39204.000,0.000,39715.000
35525.000,0.000,38051.000
32200.000,0.000,38052.000
32105.000,0.000,37726.000
31319.000,0.000,34300.000
29447.000,0.000,32226.000
29242.000,0.000,32214.000
31351.000,0.000,31832.000
31347.000,0.000,31146.000
31243.000,0.000,30967.000
32208.000,0.000,31424.000
32558.000,0.000,29965.000
32620.000,0.000,29160.000
35743.000,0.000,32206.000
38725.000,0.000,32594.000
39229.000,0.000,32736.000
37986.000,0.000,37787.000
39054.000,0.000,39484.000
37520.000,0.000,38532.000
32394.000,0.000,37618.000
32079.000,0.000,37919.000
32156.000,0.000,36157.000
29755.000,0.000,32389.000
29155.000,0.000,32205.000
30700.000,0.000,32161.000
31455.000,0.000,31374.000
31060.000,0.000,30709.000
31959.000,0.000,31535.000
32530.000,0.000,30421.000
32652.000,0.000,28970.000
33882.000,0.000,30631.000
37661.000,0.000,32523.000
39299.000,0.000,32633.000
38443.000,0.000,35315.000
39021.000,0.000,39335.000
38857.000,0.000,39388.000
33889.000,0.000,37656.000
32151.000,0.000,38189.000
32111.000,0.000,37344.000
30729.000,0.000,33109.000
29326.000,0.000,32186.000
29651.000,0.000,32132.000
31541.000,0.000,31651.000
31157.000,0.000,30863.000
31313.000,0.000,31031.000
32357.000,0.000,31133.000
32601.000,0.000,29677.000
32721.000,0.000,29483.000
36456.000,0.000,32422.000
38978.000,0.000,32597.000
38776.000,0.000,33282.000
38523.000,0.000,38629.000
39298.000,0.000,39719.000
36588.000,0.000,38179.000
32261.000,0.000,37948.000
32072.000,0.000,37914.000
31848.000,0.000,35105.000
29584.000,0.000,32269.000
29062.000,0.000,32151.000
31005.000,0.000,32034.000
31452.000,0.000,31275.000
31074.000,0.000,30736.000
32122.000,0.000,31548.000
32555.000,0.000,30221.000
32569.000,0.000,29097.000
34925.000,0.000,31596.000
38233.000,0.000,32558.000
39251.000,0.000,32690.000
37982.000,0.000,36612.000
39164.000,0.000,39559.000
38215.000,0.000,38786.000
32581.000,0.000,37449.000
32122.000,0.000,38119.000
32193.000,0.000,37002.000
30010.000,0.000,32556.000
29218.000,0.000,32148.000
30070.000,0.000,32121.000
31804.000,0.000,31581.000
31160.000,0.000,30785.000
31708.000,0.000,31442.000
32458.000,0.000,30730.000
32604.000,0.000,29241.000
33158.000,0.000,29965.000
37263.000,0.000,32493.000
39353.000,0.000,32646.000
38586.000,0.000,34223.000
38937.000,0.000,39190.000
39206.000,0.000,39645.000
35261.000,0.000,37991.000
32109.000,0.000,38050.000
32122.000,0.000,37703.000
31200.000,0.000,34105.000
29379.000,0.000,32213.000
29298.000,0.000,32167.000
31482.000,0.000,31792.000
31338.000,0.000,31080.000
31257.000,0.000,31012.000
32214.000,0.000,31330.000
32635.000,0.000,29864.000
32634.000,0.000,29244.000
35974.000,0.000,32224.000
38738.000,0.000,32607.000
39129.000,0.000,32757.000
38061.000,0.000,37967.000
39027.000,0.000,39516.000
37352.000,0.000,38473.000
32355.000,0.000,37646.000
32097.000,0.000,37927.000
32121.000,0.000,36038.000
29735.000,0.000,32339.000
29184.000,0.000,32159.000
30814.000,0.000,32141.000
31509.000,0.000,31346.000
31044.000,0.000,30741.000
31986.000,0.000,31582.000
32517.000,0.000,30381.000
32575.000,0.000,28962.000
34077.000,0.000,30775.000
37755.000,0.000,32557.000
39279.000,0.000,32728.000
38301.000,0.000,35640.000
39033.000,0.000,39281.000
38751.000,0.000,39226.000
33535.000,0.000,37624.000
32130.000,0.000,38179.000
32136.000,0.000,37226.000
30486.000,0.000,32874.000
29327.000,0.000,32128.000
29779.000,0.000,32131.000
31517.000,0.000,31660.000
31138.000,0.000,30811.000
31364.000,0.000,31130.000
32375.000,0.000,31076.000
32600.000,0.000,29616.000
32764.000,0.000,29631.000
36617.000,0.000,32439.000
39033.000,0.000,32597.000
38721.000,0.000,33450.000
38578.000,0.000,38752.000
39217.000,0.000,39641.000
36273.000,0.000,38056.000
32202.000,0.000,37978.000
32113.000,0.000,37846.000
31671.000,0.000,34946.000
29540.000,0.000,32245.000
29057.000,0.000,32152.000
31124.000,0.000,32011.000
31441.000,0.000,31204.000
31070.000,0.000,30782.000
32125.000,0.000,31511.000
32587.000,0.000,30194.000
32596.000,0.000,29131.000
35219.000,0.000,31816.000
38354.000,0.000,32562.000
39258.000,0.000,32699.000
37940.000,0.000,36890.000
39183.000,0.000,39560.000
37981.000,0.000,38658.000
32540.000,0.000,37547.000
32086.000,0.000,38132.000
32166.000,0.000,36788.000
30031.000,0.000,32547.000
29245.000,0.000,32151.000
30296.000,0.000,32129.000
31613.000,0.000,31489.000
31135.000,0.000,30812.000
31788.000,0.000,31479.000
32446.000,0.000,30697.000
32630.000,0.000,29205.000
33276.000,0.000,30079.000
37423.000,0.000,32542.000
39400.000,0.000,32637.000
38579.000,0.000,34642.000
39028.000,0.000,39318.000
39172.000,0.000,39694.000
34986.000,0.000,37891.000
32183.000,0.000,38102.000
32062.000,0.000,37615.000
30972.000,0.000,33876.000
29342.000,0.000,32150.000
29397.000,0.000,32167.000
31449.000,0.000,31903.000
31272.000,0.000,31044.000
31349.000,0.000,31080.000
32283.000,0.000,31251.000
32633.000,0.000,29854.000
32664.000,0.000,29327.000
36166.000,0.000,32334.000
38899.000,0.000,32525.000
39083.000,0.000,32917.000
38222.000,0.000,38256.000
39072.000,0.000,39485.000
37047.000,0.000,38337.000
32315.000,0.000,37715.000
32104.000,0.000,37969.000
32042.000,0.000,35829.000
29694.000,0.000,32301.000
29164.000,0.000,32136.000
30898.000,0.000,32117.000
31451.000,0.000,31319.000
31063.000,0.000,30707.000
32019.000,0.000,31575.000
32543.000,0.000,30308.000
32587.000,0.000,28961.000
34385.000,0.000,31011.000
37925.000,0.000,32559.000
39300.000,0.000,32684.000
38291.000,0.000,35963.000
39069.000,0.000,39442.000
38616.000,0.000,39193.000
33287.000,0.000,37571.000
32123.000,0.000,38186.000
32134.000,0.000,37058.000
30303.000,0.000,32657.000
29236.000,0.000,32155.000
29904.000,0.000,32083.000
31492.000,0.000,31553.000
31083.000,0.000,30767.000
31423.000,0.000,31159.000
32326.000,0.000,30996.000
32638.000,0.000,29546.000
32921.000,0.000,29701.000
36786.000,0.000,32457.000
39121.000,0.000,32640.000
38734.000,0.000,33593.000
38764.000,0.000,38917.000
39208.000,0.000,39665.000
35967.000,0.000,37994.000
32217.000,0.000,38041.000
32094.000,0.000,37849.000
31534.000,0.000,34702.000
29449.000,0.000,32254.000
29099.000,0.000,32212.000
31225.000,0.000,32019.000
31444.000,0.000,31206.000
31122.000,0.000,30798.000
32165.000,0.000,31460.000
32563.000,0.000,30044.000
32621.000,0.000,29158.000
35522.000,0.000,32012.000
38493.000,0.000,32575.000
39156.000,0.000,32657.000
37902.000,0.000,37292.000
39125.000,0.000,39592.000
37826.000,0.000,38565.000
32454.000,0.000,37598.000
32091.000,0.000,38166.000
32150.000,0.000,36720.000
29933.000,0.000,32449.000
29191.000,0.000,32144.000
30416.000,0.000,32093.000
31618.000,0.000,31439.000
31079.000,0.000,30782.000
31819.000,0.000,31508.000
32493.000,0.000,30600.000
32608.000,0.000,29167.000
33516.000,0.000,30311.000
37561.000,0.000,32500.000
39406.000,0.000,32630.000
38550.000,0.000,34896.000
39140.000,0.000,39401.000
39137.000,0.000,39666.000
34620.000,0.000,37843.000
32136.000,0.000,38049.000
32136.000,0.000,37636.000
30813.000,0.000,33525.000
29327.000,0.000,32174.000
29418.000,0.000,32163.000
31476.000,0.000,31658.000
31247.000,0.000,30980.000
31390.000,0.000,31126.000
32286.000,0.000,31189.000
32640.000,0.000,29748.000
32652.000,0.000,29363.000
36338.000,0.000,32351.000
38963.000,0.000,32597.000
39057.000,0.000,33019.000
38292.000,0.000,38334.000
39002.000,0.000,39524.000
36887.000,0.000,38304.000
32288.000,0.000,37820.000
32116.000,0.000,37922.000
32007.000,0.000,35687.000
29602.000,0.000,32346.000
29132.000,0.000,32161.000
31014.000,0.000,32092.000
31454.000,0.000,31257.000
30995.000,0.000,30742.000
32069.000,0.000,31525.000
32546.000,0.000,30229.000
32600.000,0.000,28916.000
34460.000,0.000,31188.000
37958.000,0.000,32548.000
39284.000,0.000,32670.000
38229.000,0.000,36224.000
39079.000,0.000,39448.000
38583.000,0.000,39113.000
33000.000,0.000,37597.000
32162.000,0.000,38161.000
32141.000,0.000,37016.000
30213.000,0.000,32670.000
29223.000,0.000,32192.000
29938.000,0.000,32082.000
31523.000,0.000,31543.000
31047.000,0.000,30734.000
31501.000,0.000,31209.000
32403.000,0.000,30945.000
32640.000,0.000,29558.000
32980.000,0.000,29852.000
36939.000,0.000,32482.000
39160.000,0.000,32618.000
38630.000,0.000,33786.000
38810.000,0.000,39057.000
39159.000,0.000,39687.000
35712.000,0.000,37930.000
32189.000,0.000,38001.000
32110.000,0.000,37724.000
31396.000,0.000,34614.000
29428.000,0.000,32255.000
29142.000,0.000,32173.000
31305.000,0.000,31956.000
31372.000,0.000,31147.000
31107.000,0.000,30835.000
32190.000,0.000,31396.000
32625.000,0.000,30095.000
32613.000,0.000,29183.000
35610.000,0.000,32128.000
38589.000,0.000,32612.000
39096.000,0.000,32697.000
37894.000,0.000,37471.000
39174.000,0.000,39583.000
37709.000,0.000,38524.000
32417.000,0.000,37677.000
32110.000,0.000,38136.000
32132.000,0.000,36504.000
29901.000,0.000,32420.000
29205.000,0.000,32021.000
30500.000,0.000,32098.000
31544.000,0.000,31498.000
31061.000,0.000,30794.000
31883.000,0.000,31571.000
32470.000,0.000,30551.000
32578.000,0.000,29151.000
33586.000,0.000,30549.000
37675.000,0.000,32563.000
39413.000,0.000,32644.000
38470.000,0.000,35110.000
39176.000,0.000,39359.000
39014.000,0.000,39508.000
34327.000,0.000,37747.000
32145.000,0.000,38057.000
32178.000,0.000,37434.000
30728.000,0.000,33368.000
29329.000,0.000,32120.000
29514.000,0.000,32117.000
31520.000,0.000,31633.000
31257.000,0.000,30962.000
31434.000,0.000,31181.000
32357.000,0.000,31183.000
32597.000,0.000,29702.000
32743.000,0.000,29422.000
36385.000,0.000,32372.000
38988.000,0.000,32781.000
38962.000,0.000,33134.000
38293.000,0.000,38402.000
39022.000,0.000,39449.000
36671.000,0.000,38211.000
32256.000,0.000,37768.000
32110.000,0.000,37907.000
31947.000,0.000,35463.000
29560.000,0.000,32280.000
29191.000,0.000,32174.000
31110.000,0.000,32093.000
31446.000,0.000,31222.000
31040.000,0.000,30739.000
32064.000,0.000,31474.000
32518.000,0.000,30171.000
32611.000,0.000,28926.000
34744.000,0.000,31363.000
38088.000,0.000,32593.000
39262.000,0.000,32681.000
38192.000,0.000,36560.000
39102.000,0.000,39425.000
38355.000,0.000,39046.000
32777.000,0.000,37505.000
32089.000,0.000,38115.000
32145.000,0.000,36842.000
30170.000,0.000,32551.000
29254.000,0.000,32152.000
30031.000,0.000,32114.000
31490.000,0.000,31529.000
31040.000,0.000,30734.000
31539.000,0.000,31272.000
32417.000,0.000,30896.000
32617.000,0.000,29491.000
33101.000,0.000,29952.000
36978.000,0.000,32492.000
39210.000,0.000,32627.000
38610.000,0.000,33989.000
38832.000,0.000,39007.000
39144.000,0.000,39560.000
35456.000,0.000,37811.000
32212.000,0.000,38054.000
32121.000,0.000,37692.000
31326.000,0.000,34286.000
29418.000,0.000,32230.000
29190.000,0.000,32150.000
31338.000,0.000,31925.000
31401.000,0.000,31133.000
31151.000,0.000,30832.000
32215.000,0.000,31333.000
32633.000,0.000,29957.000
32612.000,0.000,29213.000
35749.000,0.000,32241.000
38623.000,0.000,32656.000
39059.000,0.000,32730.000
37881.000,0.000,37753.000
39180.000,0.000,39611.000
37567.000,0.000,38391.000
32397.000,0.000,37694.000
32097.000,0.000,38123.000
32141.000,0.000,36389.000
29828.000,0.000,32495.000
29186.000,0.000,32144.000
30607.000,0.000,32089.000
31583.000,0.000,31383.000
31052.000,0.000,30736.000
31944.000,0.000,31556.000
32489.000,0.000,30497.000
32610.000,0.000,29132.000
33780.000,0.000,30620.000
37728.000,0.000,32543.000
39413.000,0.000,32616.000
38449.000,0.000,35284.000
39155.000,0.000,39485.000
39017.000,0.000,39463.000
34102.000,0.000,37696.000
32171.000,0.000,38164.000
32105.000,0.000,37440.000
30498.000,0.000,33171.000
29258.000,0.000,32164.000
29567.000,0.000,32170.000
31486.000,0.000,31625.000
31226.000,0.000,30927.000
31447.000,0.000,31193.000
32337.000,0.000,31126.000
32608.000,0.000,29636.000
32709.000,0.000,29513.000
36552.000,0.000,32404.000
39059.000,0.000,32625.000
38904.000,0.000,33173.000
38350.000,0.000,38536.000
39010.000,0.000,39449.000
36404.000,0.000,38145.000
32272.000,0.000,37832.000
32124.000,0.000,37899.000
31887.000,0.000,35331.000
29535.000,0.000,32265.000
29190.000,0.000,32179.000
31166.000,0.000,32088.000
31373.000,0.000,31204.000
31072.000,0.000,30722.000
32074.000,0.000,31463.000
32564.000,0.000,30080.000
32616.000,0.000,28874.000
34858.000,0.000,31488.000
38137.000,0.000,32576.000
39223.000,0.000,32685.000
38155.000,0.000,36692.000
39161.000,0.000,39485.000
38337.000,0.000,39017.000
32598.000,0.000,37556.000
32112.000,0.000,38132.000
32132.000,0.000,36729.000
30130.000,0.000,32517.000
29175.000,0.000,32177.000
30115.000,0.000,32137.000
31506.000,0.000,31512.000
31034.000,0.000,30680.000
31596.000,0.000,31317.000
32474.000,0.000,30871.000
32668.000,0.000,29427.000
33229.000,0.000,30097.000
37072.000,0.000,32459.000
39232.000,0.000,32657.000
38577.000,0.000,34143.000
38912.000,0.000,39143.000
39102.000,0.000,39572.000
35216.000,0.000,37777.000
32205.000,0.000,38099.000
32126.000,0.000,37664.000
31255.000,0.000,34114.000
29400.000,0.000,32186.000
29189.000,0.000,32163.000
31398.000,0.000,31832.000
31292.000,0.000,31101.000
31168.000,0.000,30860.000
32278.000,0.000,31310.000
32625.000,0.000,29884.000
32635.000,0.000,29286.000
35935.000,0.000,32200.000
38711.000,0.000,32643.000
39018.000,0.000,32780.000
37946.000,0.000,37849.000
39215.000,0.000,39611.000
37297.000,0.000,38387.000
32340.000,0.000,37779.000
32101.000,0.000,38102.000
32130.000,0.000,36294.000
29820.000,0.000,32351.000
29156.000,0.000,32205.000
30708.000,0.000,32118.000
31541.000,0.000,31396.000
31049.000,0.000,30721.000
32002.000,0.000,31567.000
32520.000,0.000,30466.000
32581.000,0.000,29047.000
33965.000,0.000,30744.000
37864.000,0.000,32595.000
39385.000,0.000,32655.000
38385.000,0.000,35502.000
39172.000,0.000,39503.000
38976.000,0.000,39438.000
33893.000,0.000,37736.000
32145.000,0.000,38133.000
32170.000,0.000,37375.000
30340.000,0.000,33030.000
29240.000,0.000,32174.000
29610.000,0.000,32143.000
31490.000,0.000,31581.000
31190.000,0.000,30900.000
31549.000,0.000,31259.000
32397.000,0.000,31069.000
32626.000,0.000,29543.000
32755.000,0.000,29604.000
36689.000,0.000,32425.000
39131.000,0.000,32546.000
38857.000,0.000,33235.000
38458.000,0.000,38583.000
38980.000,0.000,39410.000
36273.000,0.000,38040.000
32260.000,0.000,37833.000
32102.000,0.000,37850.000
31810.000,0.000,35161.000
29518.000,0.000,32296.000
29222.000,0.000,32173.000
31266.000,0.000,32038.000
31400.000,0.000,31196.000
31010.000,0.000,30754.000
32102.000,0.000,31422.000
32574.000,0.000,30050.000
32621.000,0.000,28950.000
35052.000,0.000,31678.000
38277.000,0.000,32604.000
39237.000,0.000,32692.000
38083.000,0.000,37010.000
39165.000,0.000,39556.000
38234.000,0.000,38886.000
32547.000,0.000,37638.000
32147.000,0.000,38131.000
32151.000,0.000,36641.000
30017.000,0.000,32498.000
29220.000,0.000,32129.000
30195.000,0.000,32130.000
31473.000,0.000,31491.000
31016.000,0.000,30673.000
31679.000,0.000,31409.000
32437.000,0.000,30803.000
32649.000,0.000,29365.000
33347.000,0.000,30164.000
37186.000,0.000,32528.000
39250.000,0.000,32588.000
38504.000,0.000,34362.000
38967.000,0.000,39186.000
39110.000,0.000,39543.000
34944.000,0.000,37747.000
32184.000,0.000,38089.000
32124.000,0.000,37613.000
31076.000,0.000,33902.000
29346.000,0.000,32143.000
29236.000,0.000,32162.000
31474.000,0.000,31796.000
31341.000,0.000,31073.000
31179.000,0.000,30941.000
32257.000,0.000,31278.000
32625.000,0.000,29789.000
32636.000,0.000,29276.000
36085.000,0.000,32268.000
38763.000,0.000,32627.000
38913.000,0.000,32800.000
38064.000,0.000,38099.000
39174.000,0.000,39621.000
37088.000,0.000,38321.000
32298.000,0.000,37824.000
32094.000,0.000,38085.000
32114.000,0.000,36043.000
29677.000,0.000,32356.000
29131.000,0.000,32120.000
30794.000,0.000,32048.