0.000,0.000,0.000
0.000,0.000,6.225
0.000,0.000,6.234
0.000,0.000,6.269
0.000,0.000,0.032
0.000,0.000,0.081
0.000,0.000,0.121
0.000,0.000,0.149
0.000,0.000,0.167
0.000,0.000,0.176
0.000,0.000,0.179
0.000,0.000,0.178
0.000,0.000,0.173
0.000,0.000,0.164
0.000,0.000,0.153
0.000,0.000,0.143
0.000,0.000,0.132
0.000,0.000,0.123
0.000,0.000,0.115
0.000,0.000,0.110
0.000,0.000,0.109
0.000,0.000,0.112
0.000,0.000,0.117
0.000,0.000,0.123
0.000,0.000,0.129
0.000,0.000,0.133
0.000,0.000,0.138
0.000,0.000,0.140
0.000,0.000,0.140
0.000,0.000,0.138
0.000,0.000,0.137
0.000,0.000,0.133
0.000,0.000,0.132
0.000,0.000,0.130
0.000,0.000,0.129
0.000,0.000,0.129
0.000,0.000,0.129
0.000,0.000,0.129
0.000,0.000,0.130
0.000,0.000,0.130
0.000,0.000,0.132
0.000,0.000,0.132
0.000,0.000,0.132
0.000,0.000,0.132
0.000,0.000,0.132
0.000,0.000,0.132
0.000,0.000,0.132
0.000,0.000,0.132
0.000,0.000,0.132
0.000,0.000,0.130
0.000,0.000,0.130
0.000,0.000,0.130
0.000,0.000,0.130
0.000,0.000,0.130
0.000,0.000,0.130
0.000,0.000,0.130
0.000,0.000,0.132
0.000,0.000,0.132
0.000,0.000,0.132
0.000,0.000,0.130
0.000,0.000,0.132
0.000,0.000,0.132
0.000,0.000,0.132
0.000,0.000,0.132
0.000,0.000,0.132
0.000,0.000,0.132
0.000,0.000,0.132
0.000,0.000,0.132
0.000,0.000,0.132
0.000,0.000,0.132
0.000,0.000,0.130
0.000,0.000,0.130
0.000,0.000,0.130
0.000,0.000,0.132
0.000,0.000,0.130
0.000,0.000,0.132
0.000,0.000,0.132
0.000,0.000,0.132
0.000,0.000,0.132
0.000,0.000,0.132
0.000,0.000,0.132
0.000,0.000,0.132
0.000,0.000,0.132
0.000,0.000,0.132
0.000,0.000,0.132
0.000,0.000,0.132
0.000,0.000,0.132
0.000,0.000,0.132
0.000,0.000,0.132
0.000,0.000,0.132
0.000,0.000,0.132
0.000,0.000,0.132
0.000,0.000,0.132
0.000,0.000,0.132
0.000,0.000,0.132
0.000,0.000,0.130
0.000,0.000,0.130
0.000,0.000,0.130
0.000,0.000,0.132
0.000,0.000,0.132
0.000,0.000,0.132
0.500,0.000,0.132
1.500,0.000,0.132
2.500,0.000,0.133
3.500,0.088,0.137
4.500,0.088,0.138
5.500,0.088,0.140
6.500,0.000,0.141
7.500,0.088,0.144
8.500,0.088,0.146
9.500,0.088,0.149
10.500,0.088,0.152
11.500,0.000,0.153
12.500,0.176,0.158
13.500,0.176,0.161
15.000,0.088,0.166
16.000,0.088,0.169
17.000,0.176,0.175
18.000,0.176,0.179
19.500,0.088,0.186
20.500,0.176,0.192
21.500,0.176,0.196
23.000,0.088,0.207
24.000,0.352,0.216
25.000,0.439,0.227
26.000,0.615,0.242
27.500,0.527,0.272
28.500,1.143,0.304
29.500,1.758,0.357
30.500,3.252,0.446
31.500,4.395,0.565
32.500,5.449,0.709
34.000,1.934,0.868
35.000,2.813,0.965
36.000,3.516,1.077
37.000,4.746,1.201
38.000,5.010,1.327
39.500,2.549,1.517
40.500,4.131,1.643
41.500,4.570,1.796
42.500,4.570,1.939
43.500,5.889,2.097
45.000,2.109,2.293
46.000,4.395,2.437
47.000,5.801,2.619
48.000,5.713,2.778
49.500,3.076,3.010
50.500,5.010,3.174
51.500,5.801,3.364
52.500,7.207,3.559
53.500,7.207,3.740
55.000,2.637,3.984
56.000,5.449,4.162
57.000,6.504,4.373
58.000,6.416,4.573
59.000,8.262,4.794
60.000,8.965,5.016
61.500,2.988,5.277
62.500,5.977,5.473
63.500,6.943,5.700
64.500,7.822,5.932
65.500,9.668,6.168
67.000,3.955,0.179
68.000,6.504,0.376
69.000,7.471,0.620
70.000,7.734,0.861
71.000,8.613,1.115
72.000,10.547,1.376
73.500,4.570,1.703
74.500,7.119,1.921
75.500,8.877,2.198
76.500,8.877,2.445
77.500,10.635,2.709
79.000,3.604,3.036
80.000,7.295,3.275
81.000,9.141,3.562
82.000,9.932,3.830
83.500,4.570,4.166
84.500,7.383,4.406
85.500,8.789,4.692
86.500,10.811,4.987
88.000,4.746,5.355
89.000,6.680,5.587
90.000,9.756,5.890
91.000,10.811,6.182
92.500,5.010,0.264
93.500,7.734,0.518
94.500,7.998,0.793
95.500,10.811,1.101
96.500,10.811,1.378
98.000,5.010,1.756
99.000,7.734,1.993
100.000,9.492,2.292
101.000,10.459,2.574
102.500,4.922,2.944
103.500,8.262,3.188
104.500,10.723,3.490
106.000,4.658,3.855
107.000,8.086,4.093
108.000,9.668,4.375
109.500,4.746,4.761
110.500,7.295,4.987
112.000,4.746,5.384
113.000,7.031,5.617
114.000,10.107,5.921
115.500,4.746,0.003
116.500,7.471,0.232
117.500,10.547,0.531
119.000,4.922,0.922
120.000,7.734,1.158
121.500,5.186,1.585
122.500,8.877,1.865
123.500,11.162,2.181
125.000,5.010,2.568
126.000,7.383,2.800
127.500,4.746,3.198
128.500,7.559,3.444
130.000,4.043,3.840
131.000,8.789,4.133
132.500,4.043,4.534
133.500,8.086,4.798
135.000,5.186,5.231
136.000,7.822,5.509
137.000,11.162,5.825
138.500,6.152,6.231
139.500,8.965,0.193
141.000,5.010,0.594
142.000,8.086,0.873
143.000,11.689,1.203
144.500,5.010,1.618
146.000,4.658,1.965
147.000,8.877,2.256
148.500,4.043,2.640
149.500,8.877,2.933
151.000,3.867,3.324
152.000,7.646,3.593
153.500,5.098,3.996
154.500,7.822,4.272
156.000,5.010,4.691
157.000,8.965,4.970
158.500,5.186,5.386
159.500,8.086,5.653
161.000,4.219,6.090
162.000,9.141,0.094
163.500,5.186,0.529
164.500,8.525,0.805
166.000,5.713,1.275
167.000,8.350,1.572
168.500,4.131,2.013
169.500,8.965,2.295
171.000,6.240,2.730
172.000,9.229,3.000
173.500,5.361,3.430
174.500,8.965,3.715
176.000,5.010,4.139
177.000,10.547,4.430
178.500,5.625,4.877
179.500,9.229,5.170
181.000,4.131,5.584
182.000,9.053,5.866
183.500,6.504,0.029
184.500,9.316,0.302
186.000,4.307,0.716
187.000,9.492,1.032
188.500,5.361,1.480
189.500,10.811,1.781
191.000,4.395,2.227
192.000,9.316,2.522
193.500,5.186,2.953
194.500,8.877,3.215
196.000,6.152,3.649
197.000,9.053,3.913
198.500,5.537,4.346
199.500,9.316,4.640
201.000,5.098,5.074
202.000,10.195,5.360
203.500,4.395,5.791
205.000,5.186,6.191
206.000,5.186,0.250
207.000,8.613,0.488
208.500,5.186,0.881
209.500,9.229,1.186
211.000,5.273,1.621
212.000,9.756,1.899
213.500,5.977,2.318
214.500,9.932,2.579
216.000,4.219,2.999
217.000,8.877,3.281
218.500,5.010,3.698
219.500,9.053,3.961
221.000,5.625,4.421
222.000,9.316,4.699
223.500,5.098,5.133
224.500,10.020,5.413
226.000,5.449,5.838
227.000,10.459,6.131
228.500,4.131,0.267
229.500,8.789,0.543
231.000,5.186,0.936
232.000,9.404,1.244
233.500,5.449,1.697
234.500,9.053,1.965
236.000,4.834,2.379
237.000,9.932,2.655
238.500,5.449,3.082
239.500,9.932,3.364
241.000,3.867,3.758
242.000,8.965,4.036
243.500,5.361,4.482
244.500,8.965,4.749
246.000,5.186,5.180
247.000,8.877,5.443
248.500,5.186,5.871
249.500,10.283,6.156
251.000,5.449,0.302
252.000,8.877,0.584
253.500,5.186,0.977
254.500,9.580,1.290
256.000,5.625,1.733
257.000,9.053,2.020
258.500,5.098,2.444
260.000,6.240,2.849
261.500,6.416,3.297
263.000,6.504,3.728
264.500,6.592,4.188
266.000,6.855,4.640
267.500,6.768,5.119
269.000,6.680,5.567
270.000,6.768,5.921
271.500,7.822,0.061
272.500,6.855,0.402
274.000,6.416,0.816
275.500,6.592,1.250
276.500,6.504,1.591
278.000,7.295,1.990
279.000,6.328,2.303
280.500,6.416,2.701
281.500,5.449,3.020
283.000,5.977,3.407
284.000,4.922,3.700
285.500,6.240,4.091
286.500,4.395,4.415
288.000,6.152,4.811
289.500,6.152,5.239
290.500,3.955,5.521
292.000,6.240,5.929
293.000,4.395,6.248
294.500,6.064,0.357
296.000,6.240,0.785
297.000,5.186,1.089
298.500,6.328,1.485
300.000,7.646,1.939
301.000,5.361,2.260
302.500,6.240,2.657
303.500,5.273,2.967
305.000,6.064,3.356
306.000,5.098,3.660
307.500,6.416,4.059
308.500,5.449,4.383
310.000,5.977,4.772
311.000,5.010,5.073
312.500,7.207,5.481
313.500,5.449,5.798
315.000,6.152,6.196
316.000,5.098,0.218
317.500,6.064,0.604
318.500,5.361,0.920
320.000,6.240,1.321
321.000,4.219,1.637
322.500,5.977,2.022
323.500,5.889,2.335
325.000,7.207,2.720
326.000,5.449,3.039
327.500,5.977,3.430
328.500,3.955,3.709
330.000,6.240,4.117
331.000,4.482,4.441
332.500,6.152,4.838
334.000,7.119,5.260
335.000,4.922,5.555
336.500,6.152,5.940
337.500,5.449,6.259
339.000,6.064,0.365
340.000,5.010,0.663
341.500,6.064,1.046
342.500,6.328,1.378
344.000,7.295,1.773
345.000,5.273,2.068
346.500,5.977,2.468
347.500,4.043,2.747
349.000,6.328,3.162
350.000,5.361,3.479
351.500,5.889,3.859
352.500,5.010,4.156
354.000,6.328,4.571
355.500,7.734,5.035
357.000,6.592,5.473
358.500,7.910,5.940
360.000,6.855,0.112
361.500,8.086,0.597
363.000,7.031,1.060
364.000,5.801,1.407
365.500,7.998,1.864
366.500,5.713,2.183
368.000,7.471,2.617
369.000,12.744,2.839
370.500,6.328,3.332
372.000,6.416,3.761
373.000,14.150,4.008
374.500,7.559,4.510
376.000,6.680,4.958
377.000,5.361,5.280
378.500,6.064,5.667
380.000,6.328,6.098
381.000,4.131,0.106
382.500,6.504,0.532
383.500,5.537,0.857
385.000,6.328,1.264
386.000,13.799,1.505
387.500,6.152,1.973
389.000,6.240,2.411
390.000,13.535,2.648
391.500,6.328,3.120
393.000,7.559,3.568
394.000,4.219,3.859
395.500,6.240,4.272
396.500,4.307,4.570
398.000,6.504,5.002
399.000,14.326,5.252
400.500,6.064,5.722
402.000,6.328,6.159
403.000,4.131,0.167
404.500,6.416,0.588
405.500,5.449,0.911
407.000,6.504,1.324
408.000,14.062,1.569
409.500,5.977,2.034
411.000,6.152,2.457
412.000,4.043,2.743
413.500,6.416,3.162
415.000,7.559,3.616
416.000,12.744,3.838
417.500,6.064,4.318
419.000,6.416,4.737
420.000,5.273,5.053
421.500,7.471,5.472
422.500,5.449,5.775
424.000,6.328,6.203
425.000,4.131,0.210
426.500,6.328,0.624
427.500,5.361,0.942
429.000,6.592,1.358
430.500,7.822,1.827
431.500,4.219,2.128
433.000,6.152,2.539
434.500,6.240,2.950
435.500,13.711,3.189
437.000,7.383,3.675
438.500,6.680,4.120
439.500,14.766,4.378
441.000,6.240,4.861
442.500,6.328,5.297
443.500,4.043,5.581
445.000,6.240,5.993
446.000,13.799,6.234
447.500,6.240,0.425
448.500,5.449,0.744
450.000,7.207,1.157
451.000,5.361,1.453
452.500,7.646,1.888
453.500,4.395,2.194
455.000,6.240,2.615
456.000,13.184,2.846
457.500,6.152,3.306
458.500,13.623,3.543
460.000,6.152,4.010
461.000,13.887,4.252
462.500,7.119,4.735
463.500,12.305,4.950
465.000,7.295,5.433
466.500,6.504,5.867
467.500,5.537,6.194
469.000,7.119,0.324
470.000,5.186,0.611
471.500,7.471,1.032
472.500,13.271,1.264
474.000,6.328,1.772
475.500,6.328,2.194
476.500,5.098,2.499
478.000,7.031,2.899
479.000,5.186,3.189
480.500,6.416,3.608
481.500,4.307,3.906
483.000,6.152,4.318
484.000,5.186,4.625
485.500,6.504,5.033
486.500,5.449,5.360
488.000,6.152,5.757
489.000,13.359,5.990
490.500,7.207,0.186
492.000,6.416,0.611
493.000,5.449,0.931
494.500,6.416,1.339
495.500,14.238,1.588
497.000,6.943,2.069
498.000,12.041,2.279
499.500,6.240,2.755
500.000,6.680,3.192
500.000,5.361,3.514
500.000,7.031,3.921
500.000,5.098,4.206
500.000,7.559,4.630
500.000,5.537,4.939
500.000,6.328,5.366
500.000,4.219,5.657
500.000,6.152,6.068
500.000,5.186,0.095
500.000,7.646,0.503
500.000,5.625,0.836
500.000,7.295,1.258
500.000,5.361,1.554
500.000,7.383,1.977
500.000,5.361,2.275
500.000,6.328,2.695
500.000,4.219,2.993
500.000,6.064,3.402
500.000,5.010,3.701
500.000,6.504,4.100
500.000,5.625,4.432
500.000,6.152,4.852
500.000,12.568,5.071
500.000,6.152,5.553
500.000,6.328,5.995
500.000,12.832,6.219
500.000,6.416,0.439
500.000,7.559,0.890
500.000,4.307,1.173
500.000,6.416,1.624
500.000,12.920,1.850
500.000,6.504,2.352
500.000,14.150,2.599
500.000,6.152,3.073
500.000,13.359,3.306
500.000,7.031,3.775
500.000,6.416,4.195
500.000,12.832,4.419
500.000,6.416,4.923
500.000,6.328,5.372
500.000,12.568,5.591
500.000,6.152,6.078
500.000,13.711,0.034
500.000,7.559,0.512
500.000,13.535,0.749
500.000,6.328,1.253
500.000,13.799,1.494
500.000,7.295,1.987
500.000,12.656,2.207
500.000,6.328,2.700
500.000,6.680,3.140
500.000,13.008,3.367
500.000,6.943,3.863
500.000,12.217,4.076
500.000,7.646,4.573
500.000,13.535,4.809
500.000,6.152,5.308
500.000,13.096,5.536
500.000,6.152,5.990
500.000,7.471,0.152
500.000,11.777,0.357
500.000,6.416,0.874
500.000,12.656,1.095
500.000,6.328,1.591
500.000,13.711,1.830
500.000,6.328,2.304
500.000,14.150,2.551
500.000,7.119,3.036
500.000,12.305,3.251
500.000,7.207,3.729
500.000,12.744,3.952
500.000,6.240,4.445
500.000,12.568,4.665
500.000,6.064,5.145
500.000,13.184,5.375
500.000,6.240,5.837
500.000,14.150,6.084
500.000,7.031,0.285
500.000,11.074,0.479
500.000,7.471,0.983
500.000,13.184,1.213
500.000,6.152,1.710
500.000,13.447,1.945
500.000,6.064,2.401
500.000,13.447,2.635
500.000,6.152,3.096
500.000,13.535,3.332
500.000,6.943,3.801
500.000,12.129,4.013
500.000,7.471,4.501
500.000,13.184,4.731
500.000,6.064,5.222
500.000,5.010,5.519
500.000,10.195,5.820
500.000,4.395,6.233
500.000,10.459,0.264
500.000,5.010,0.672
500.000,7.910,0.931
500.000,5.361,1.376
500.000,9.316,1.666
500.000,5.186,2.085
500.000,8.965,2.367
500.000,3.955,2.769
500.000,10.107,3.066
500.000,4.219,3.474
500.000,10.020,3.777
500.000,4.922,4.177
500.000,9.229,4.461
500.000,5.537,4.901
500.000,9.141,5.191
500.000,5.010,5.594
500.000,8.965,5.874
500.000,4.219,0.009
500.000,9.316,0.299
500.000,5.273,0.721
500.000,8.262,1.009
500.000,5.361,1.454
500.000,9.668,1.752
500.000,5.449,2.192
500.000,9.141,2.482
500.000,5.010,2.888
500.000,9.141,3.171
500.000,4.131,3.590
500.000,10.283,3.895
500.000,4.131,4.291
500.000,9.053,4.590
500.000,5.186,5.005
500.000,9.229,5.292
500.000,5.361,5.719
500.000,9.053,6.006
500.000,5.098,0.133
500.000,9.229,0.417
500.000,4.395,0.834
500.000,10.635,1.172
500.000,4.131,1.571
500.000,10.107,1.871
500.000,5.098,2.284
500.000,9.229,2.569
500.000,5.273,2.996
500.000,8.965,3.280
500.000,4.922,3.682
500.000,9.141,3.962
500.000,4.395,4.393
500.000,10.459,4.706
500.000,4.043,5.102
500.000,8.965,5.398
500.000,5.361,5.820
500.000,9.141,6.107
500.000,5.098,0.235
500.000,8.877,0.511
500.000,4.131,0.908
500.000,10.547,1.238
500.000,4.307,1.649
500.000,10.020,1.951
500.000,3.867,2.333
500.000,9.053,2.629
500.000,5.361,3.053
500.000,9.053,3.336
500.000,4.834,3.732
500.000,8.965,4.008
500.000,5.449,4.436
500.000,10.459,4.751
500.000,4.043,5.147
500.000,9.932,5.443
500.000,4.131,5.837
500.000,10.371,6.164
500.000,4.219,0.282
500.000,7.998,0.566
500.000,5.186,0.979
500.000,8.437,1.269
500.000,5.537,1.730
500.000,8.965,2.014
500.000,5.010,2.416
500.000,10.020,2.714
500.000,4.307,3.116
500.000,10.283,3.424
500.000,3.955,3.807
500.000,8.789,4.099
500.000,5.273,4.516
500.000,9.316,4.804
500.000,5.273,5.228
500.000,8.789,5.505
500.000,5.098,5.909
500.000,10.371,6.216
500.000,4.395,0.345
500.000,9.229,0.637
500.000,4.043,1.048
500.000,9.404,1.355
500.000,5.537,1.793
500.000,9.229,2.086
500.000,5.098,2.497
500.000,8.789,2.773
500.000,5.186,3.185
500.000,10.371,3.491
500.000,4.219,3.896
500.000,10.107,4.200
500.000,5.098,4.611
500.000,9.492,4.906
500.000,5.449,5.344
500.000,9.053,5.631
500.000,5.186,6.042
500.000,9.141,0.044
500.000,4.307,0.451
500.000,10.723,0.788
500.000,4.307,1.200
500.000,10.195,1.506
500.000,5.186,1.922
500.000,9.316,2.210
500.000,5.449,2.642
500.000,8.965,2.925
500.000,5.186,3.338
500.000,9.141,3.623
500.000,4.307,4.044
500.000,10.547,4.357
500.000,4.307,4.765
500.000,10.107,5.068
500.000,5.098,5.478
500.000,9.316,5.765
500.000,5.537,6.203
500.000,9.053,0.210
500.000,5.186,0.624
500.000,9.316,0.914
500.000,5.449,1.368
500.000,10.635,1.667
500.000,4.219,2.074
500.000,9.932,2.373
500.000,5.010,2.777
500.000,9.316,3.065
500.000,5.449,3.502
500.000,8.965,3.786
500.000,5.186,4.192
500.000,9.404,4.482
500.000,4.395,4.918
500.000,10.459,5.232
500.000,4.131,5.627
500.000,10.020,5.943
500.000,4.219,0.057
500.000,9.580,0.351
500.000,5.449,0.784
500.000,9.229,1.091
500.000,5.273,1.513
500.000,9.492,1.807
500.000,5.361,2.243
500.000,9.141,2.530
500.000,3.955,2.931
500.000,10.107,3.232
500.000,4.131,3.629
500.000,10.283,3.935
500.000,5.273,4.360
500.000,9.053,4.645
500.000,5.186,5.059
500.000,9.229,5.344
500.000,5.449,5.774
500.000,9.404,6.067
500.000,5.186,0.201
500.000,9.229,0.488
500.000,5.361,0.916
500.000,10.635,1.233
500.000,5.273,1.658
500.000,8.965,1.940
500.000,5.010,2.347
500.000,9.141,2.628
500.000,5.449,3.054
500.000,9.141,3.343
500.000,4.922,3.743
500.000,10.107,4.041
500.000,4.395,4.452
500.000,10.459,4.765
500.000,3.955,5.166
500.000,8.701,5.438
500.000,5.098,5.860
500.000,8.877,6.119
500.000,5.098,0.244
500.000,8.965,0.526
500.000,4.219,0.923
500.000,10.547,1.252
500.000,4.219,1.655
500.000,10.020,1.957
500.000,3.955,2.359
500.000,9.053,2.638
500.000,5.449,3.066
500.000,8.877,3.349
500.000,4.922,3.748
500.000,9.053,4.027
500.000,4.307,4.455
500.000,10.283,4.763
500.000,3.955,5.166
500.000,8.701,5.438
500.000,4.131,5.846
500.000,8.877,6.122
500.000,5.098,0.244
500.000,8.877,0.523
500.000,4.219,0.920
500.000,9.492,1.232
500.000,4.307,1.655
500.000,10.107,1.957
500.000,3.955,2.362
500.000,9.141,2.645
500.000,5.449,3.076
500.000,9.053,3.361
500.000,4.922,3.763
500.000,9.053,4.044
500.000,5.537,4.475
500.000,10.547,4.789
500.000,4.043,5.185
500.000,9.932,5.481
500.000,4.131,5.872
500.000,9.316,6.179
500.000,6.504,0.327
500.000,8.350,0.621
500.000,5.361,1.052
500.000,8.613,1.351
500.000,5.625,1.802
500.000,9.492,2.121
500.000,4.307,2.526
500.000,9.316,2.835
500.000,4.219,3.240
500.000,9.580,3.556
500.000,5.449,3.988
500.000,8.525,4.287
500.000,5.361,4.737
500.000,8.262,5.010
500.000,5.273,5.436
500.000,9.316,5.743
500.000,4.482,6.160
500.000,9.492,0.196
500.000,6.416,0.621
500.000,9.756,0.922
500.000,5.625,1.371
500.000,8.877,1.681
500.000,5.537,2.125
500.000,8.262,2.416
500.000,5.273,2.853
500.000,9.492,3.146
500.000,5.537,3.588
500.000,9.492,3.887
500.000,5.361,4.315
500.000,9.492,4.611
500.000,5.361,5.044
500.000,8.525,5.341
500.000,5.625,5.783
500.000,8.437,6.081
500.000,5.361,0.224
500.000,9.404,0.535
500.000,5.537,0.953
500.000,10.107,1.284
500.000,4.482,1.736
500.000,9.404,2.036
500.000,4.131,2.470
500.000,7.998,2.735
500.000,5.273,3.160
500.000,8.262,3.451
500.000,5.361,3.890
500.000,8.965,4.172
500.000,4.219,4.571
500.000,9.668,4.887
500.000,5.361,5.321
500.000,9.229,5.611
500.000,5.273,6.048
500.000,8.262,0.035
500.000,5.449,0.471
500.000,8.525,0.770
500.000,5.537,1.206
500.000,9.404,1.519
500.000,4.219,1.927
500.000,9.580,2.243
500.000,4.307,2.674
500.000,9.404,2.968
500.000,5.186,3.384
500.000,8.086,3.668
500.000,5.273,4.088
500.000,8.437,4.383
500.000,5.537,4.823
500.000,9.229,5.134
500.000,4.219,5.532
500.000,9.492,5.843
500.000,4.395,6.280
500.000,9.492,0.295
500.000,7.383,0.735
500.000,8.350,1.008
500.000,6.416,1.459
500.000,8.613,1.759
500.000,5.449,2.201
500.000,8.174,2.493
500.000,5.098,2.924
500.000,9.141,3.209
500.000,5.361,3.634
500.000,9.404,3.927
500.000,5.537,4.364
500.000,9.492,4.662
500.000,5.273,5.087
500.000,8.350,5.378
500.000,5.449,5.832
500.000,8.350,6.107
