BB?0.000,0.000,0.000
0.000,0.000,0.000
0.000,0.000,0.000
0.000,0.000,0.000
0.000,0.000,0.000
0.000,0.000,0.000
0.000,0.000,0.000
0.000,0.000,0.000
0.000,0.000,0.000
0.000,0.000,0.000
0.000,0.000,0.000
0.000,0.000,0.000
0.000,0.000,0.000
0.000,0.000,0.000
0.000,0.000,0.000
0.000,0.000,0.000
0.000,0.000,0.000
0.000,0.000,0.000
0.000,0.000,0.000
0.000,0.000,0.000
0.000,0.000,0.000
0.000,0.000,0.000
0.000,0.000,0.000
0.000,0.000,0.000
0.000,0.000,0.000
0.000,0.000,0.000
0.000,0.000,0.000
0.000,0.000,0.000
0.000,0.000,0.000
0.000,0.000,0.000
0.000,0.000,0.000
0.000,0.000,0.000
0.000,0.000,0.000
0.000,0.000,0.000
0.000,0.000,0.000
0.000,0.000,0.000
0.000,0.000,0.000
0.000,0.000,0.000
0.000,0.000,0.000
0.000,0.000,0.000
0.000,0.000,0.000
0.000,0.000,0.000
0.000,0.000,0.000
0.000,0.000,0.000
0.000,0.000,0.000
0.000,0.000,0.000
0.000,0.000,0.000
0.000,0.000,0.000
0.000,0.000,0.000
0.000,0.000,0.000
0.000,0.000,0.000
0.000,0.000,0.000
0.000,0.000,0.000
0.000,0.000,0.000
0.000,0.000,0.000
0.000,0.000,0.000
0.000,0.000,0.000
0.000,0.000,0.000
0.000,0.000,0.000
0.000,0.000,0.000
0.000,0.000,0.000
0.000,0.000,0.000
0.000,0.000,0.000
0.000,0.000,0.000
0.000,0.000,0.000
0.000,0.000,0.000
0.000,0.000,0.000
0.000,0.000,0.000
0.000,0.000,0.000
0.000,0.000,0.000
0.000,0.000,0.000
0.000,0.000,0.000
0.000,0.000,0.000
0.000,0.000,0.000
0.000,0.000,0.000
0.000,0.000,0.000
0.000,0.000,0.000
0.000,0.000,0.000
0.000,0.000,0.000
0.000,0.000,0.000
0.000,0.000,0.000
0.000,0.000,0.000
0.000,0.000,0.000
0.000,0.000,0.000
0.000,0.000,0.000
0.000,0.000,0.000
0.000,0.000,0.000
0.000,0.000,0.000
0.000,0.000,0.000
0.000,0.000,0.000
0.000,0.000,0.000
0.000,0.000,0.000
0.000,0.000,0.000
0.000,0.000,0.000
0.000,0.000,0.000
0.000,0.000,0.000
0.000,0.000,0.000
0.000,0.000,0.000
0.000,0.000,0.000
0.000,0.000,0.000
0.000,0.000,0.000
0.000,0.000,0.000
0.000,0.000,0.000
0.000,0.000,0.000
0.000,0.000,0.000
0.000,0.000,0.000
0.000,0.000,0.000
0.000,0.000,0.000
0.000,0.000,0.000
0.000,0.000,0.000
0.000,0.000,0.000
0.000,0.000,0.000
0.000,0.000,0.000
0.000,0.000,0.000
0.000,0.000,0.000
0.000,0.000,0.000
0.000,0.000,0.000
0.000,0.000,0.000
0.000,0.000,0.000
0.000,0.000,0.000
0.000,0.000,0.000
0.000,0.000,0.000
0.000,0.000,0.000
0.000,0.000,0.000
0.000,0.000,0.000
0.000,0.000,0.000
0.000,0.000,0.000
0.000,0.000,0.000
0.000,0.000,0.000
0.000,0.000,0.000
0.000,0.000,0.000
0.000,0.000,0.000
0.000,0.000,0.000
0.000,0.000,0.000
0.000,0.000,0.000
0.000,0.000,0.000
0.000,0.000,0.000
0.000,0.000,0.000
0.000,0.000,0.000
0.000,0.000,0.000
0.000,0.000,0.000
0.000,0.000,0.000
0.000,0.000,0.000
0.000,0.000,0.000
0.000,0.000,0.000
0.000,0.000,0.000
0.000,0.000,0.000
0.000,0.000,0.000
0.000,0.000,0.000
0.000,0.000,0.000
0.000,0.000,0.000
0.000,0.000,0.000
0.000,0.000,0.000
0.000,0.000,0.000
0.000,0.000,0.000
0.000,0.000,0.000
0.000,0.000,0.000
0.000,0.000,0.000
0.000,0.000,0.000
0.000,0.000,0.000
0.000,0.000,0.000
0.000,0.000,0.000
0.000,0.000,0.000
0.000,0.000,0.000
0.000,0.000,0.000
0.000,0.000,0.000
0.000,0.000,0.000
0.000,0.000,0.000
0.000,0.000,0.000
0.000,0.000,0.000
0.000,0.000,0.000
0.000,0.000,0.000
0.000,0.000,0.000
0.000,0.000,0.000
0.000,0.000,0.000
0.000,0.000,0.000
0.000,0.000,0.000
0.000,0.000,0.000
0.000,0.000,0.000
0.000,0.000,0.000
0.000,0.000,0.000
0.000,0.000,0.000
0.000,0.000,0.000
0.000,0.000,0.000
0.000,0.000,0.000
0.000,0.000,0.000
0.000,0.000,0.000
0.000,0.000,0.000
0.000,0.000,0.000
0.000,0.000,0.000
0.000,0.000,0.000
0.000,0.000,0.000
0.000,0.000,0.000
0.000,0.000,0.000
0.000,0.000,0.000
0.000,0.000,0.000
0.000,0.000,0.000
0.000,0.000,0.000
0.000,0.000,0.000
0.000,0.000,0.000
0.000,0.000,0.000
0.000,0.000,0.000
0.000,0.000,0.000
0.000,0.000,0.000
0.000,0.000,0.000
0.000,0.000,0.000
0.000,0.000,0.000
0.000,0.000,0.000
0.000,0.000,0.000
0.000,0.000,0.000
0.000,0.000,0.000
0.000,0.000,0.000
0.000,0.000,0.000
0.000,0.000,0.000
0.000,0.000,0.000
0.200,0.070,0.535
0.200,0.197,0.478
0.200,0.195,0.567
0.200,0.185,0.678
0.200,0.190,0.809
0.200,0.206,0.903
0.200,0.156,1.130
0.200,0.212,0.980
0.200,0.279,0.581
0.200,0.141,0.954
0.200,0.258,0.331
0.200,0.345,-0.445
0.200,0.342,-0.894
0.200,0.280,-0.225
0.200,0.415,-1.069
0.200,0.402,-1.514
0.200,0.288,-0.715
0.200,0.435,-1.658
0.200,0.449,-2.019
0.200,0.273,-0.702
0.200,0.428,-1.507
0.200,0.447,-2.086
0.200,0.383,-2.227
0.200,0.418,-1.561
0.200,0.468,-1.985
0.200,0.384,-2.228
0.200,0.391,-1.616
0.200,0.460,-2.225
0.200,0.381,-2.135
0.200,0.324,-1.160
0.200,0.437,-1.762
0.200,0.446,-2.126
0.200,0.344,-1.979
0.200,0.345,-1.100
0.200,0.425,-1.654
0.200,0.448,-1.940
0.200,0.399,-2.100
0.200,0.321,-1.805
0.200,0.393,-1.291
0.200,0.463,-1.864
0.200,0.454,-2.144
0.200,0.334,-1.822
0.200,0.364,-1.361
0.200,0.405,-1.923
0.200,0.373,-2.097
0.200,0.335,-1.184
0.200,0.416,-1.638
0.200,0.424,-2.007
0.200,0.356,-2.094
0.200,0.405,-1.568
0.200,0.449,-1.965
0.200,0.396,-2.155
0.200,0.365,-1.215
0.200,0.482,-1.971
0.200,0.427,-2.137
0.200,0.298,-1.012
0.200,0.440,-1.971
0.200,0.418,-2.330
0.200,0.308,-2.060
0.200,0.402,-1.541
0.200,0.434,-2.018
0.200,0.373,-2.140
0.200,0.359,-1.324
0.200,0.450,-1.733
0.200,0.424,-2.021
0.200,0.366,-2.076
0.200,0.409,-1.457
0.200,0.467,-1.950
0.200,0.430,-1.958
0.200,0.368,-2.061
0.200,0.366,-1.261
0.200,0.421,-1.754
0.200,0.377,-1.875
0.200,0.321,-1.991
0.200,0.392,-1.746
0.200,0.404,-2.029
0.200,0.375,-1.973
0.200,0.352,-1.165
0.200,0.448,-1.937
0.200,0.401,-2.175
0.200,0.305,-1.034
0.200,0.434,-1.662
0.200,0.456,-2.104
0.200,0.376,-2.200
0.200,0.419,-1.543
0.200,0.460,-2.041
0.200,0.385,-2.215
0.200,0.383,-1.509
0.200,0.466,-2.191
0.200,0.381,-2.130
0.200,0.299,-1.072
0.200,0.420,-1.787
0.200,0.427,-2.157
0.200,0.345,-2.019
0.200,0.398,-1.356
0.200,0.452,-1.835
0.200,0.438,-2.048
0.200,0.411,-2.113
0.200,0.343,-0.962
0.200,0.443,-1.525
0.200,0.455,-1.952
0.200,0.440,-2.213
0.200,0.326,-1.890
0.200,0.375,-1.491
0.200,0.387,-1.953
0.200,0.346,-2.102
0.200,0.368,-1.438
0.200,0.395,-1.758
0.200,0.395,-2.084
0.200,0.308,-1.065
0.200,0.429,-1.764
0.200,0.434,-2.023
0.200,0.350,-2.057
0.200,0.408,-1.619
0.200,0.481,-2.087
0.200,0.389,-2.098
0.200,0.339,-1.179
0.200,0.452,-2.104
0.200,0.396,-2.374
0.200,0.339,-1.408
0.200,0.448,-1.816
0.200,0.417,-2.035
0.200,0.345,-2.103
0.200,0.423,-1.594
0.200,0.440,-1.947
0.200,0.399,-1.947
0.200,0.348,-2.015
0.200,0.358,-1.205
0.200,0.442,-1.593
0.200,0.452,-1.743
0.200,0.431,-2.014
0.200,0.365,-2.090
0.200,0.373,-1.278
0.200,0.409,-1.635
0.200,0.376,-1.885
0.200,0.330,-2.051
0.200,0.396,-1.675
0.200,0.436,-1.879
0.200,0.391,-2.016
0.200,0.357,-1.279
0.200,0.434,-1.916
0.200,0.429,-2.242
0.200,0.316,-1.077
0.200,0.420,-1.610
0.200,0.454,-2.158
0.200,0.374,-2.220
0.200,0.421,-1.525
0.200,0.455,-2.120
0.200,0.374,-2.233
0.200,0.387,-1.575
0.200,0.457,-2.129
0.200,0.385,-2.059
0.200,0.322,-1.198
0.200,0.439,-1.882
0.200,0.444,-2.070
0.200,0.353,-1.949
0.200,0.354,-1.168
0.200,0.447,-1.716
0.200,0.467,-1.967
0.200,0.399,-1.956
0.200,0.349,-1.922
0.200,0.393,-1.361
0.200,0.470,-1.935
0.200,0.382,-1.896
0.200,0.318,-1.861
0.200,0.380,-1.630
0.200,0.399,-2.048
0.200,0.332,-2.005
0.200,0.371,-1.334
0.200,0.443,-1.803
0.200,0.402,-2.109
0.200,0.314,-1.079
0.200,0.447,-1.758
0.200,0.450,-2.088
0.200,0.346,-2.135
0.200,0.412,-1.463
0.200,0.473,-2.095
0.200,0.395,-2.110
0.200,0.358,-1.411
0.200,0.464,-2.259
0.200,0.389,-2.343
0.200,0.326,-1.138
0.200,0.436,-1.751
0.200,0.423,-2.097
0.200,0.365,-2.191
0.200,0.419,-1.556
0.200,0.442,-1.771
0.200,0.418,-1.989
0.200,0.381,-2.056
0.200,0.327,-1.952
0.200,0.402,-1.231
0.200,0.444,-1.668
0.200,0.449,-2.062
0.200,0.393,-2.152
0.200,0.330,-1.121
0.200,0.403,-1.670
0.200,0.374,-1.996
0.200,0.332,-2.080
0.200,0.399,-1.452
0.200,0.446,-1.890
0.200,0.386,-2.130
0.200,0.383,-1.435
0.200,0.438,-1.957
0.200,0.409,-2.088
0.200,0.295,-0.889
0.200,0.442,-1.743
0.200,0.469,-2.219
0.200,0.350,-2.075
0.200,0.406,-1.556
0.200,0.448,-2.151
0.200,0.378,-2.313
0.200,0.383,-1.548
0.200,0.439,-1.939
0.200,0.388,-2.116
0.200,0.336,-1.212
0.200,0.442,-1.695
0.200,0.435,-1.963
0.200,0.392,-2.005
0.200,0.292,-0.904
0.200,0.451,-1.698
0.200,0.453,-2.007
0.200,0.404,-1.949
0.200,0.345,-2.059
0.200,0.404,-1.476
0.200,0.422,-1.878
0.200,0.360,-1.878
0.200,0.326,-1.276
0.200,0.404,-1.893
0.200,0.389,-2.092
0.200,0.342,-1.934
0.200,0.405,-1.450
0.200,0.449,-2.075
0.200,0.379,-2.165
0.200,0.354,-1.283
0.200,0.453,-1.859
0.200,0.436,-2.160
0.200,0.301,-0.958
0.200,0.453,-1.762
0.200,0.448,-2.112
0.200,0.342,-2.135
0.200,0.421,-1.851
0.200,0.465,-2.297
0.200,0.356,-2.102
0.200,0.366,-1.334
0.200,0.437,-1.955
0.200,0.404,-2.168
0.200,0.296,-0.902
0.200,0.440,-1.595
0.200,0.447,-1.912
0.200,0.420,-2.104
0.200,0.367,-2.130
0.200,0.405,-1.260
0.200,0.461,-1.674
0.200,0.454,-2.055
0.200,0.403,-2.191
0.200,0.333,-1.254
0.200,0.396,-1.618
0.200,0.373,-1.968
0.200,0.332,-2.087
0.200,0.405,-1.647
0.200,0.437,-1.982
0.200,0.377,-2.022
0.200,0.370,-1.333
0.200,0.459,-1.981
0.200,0.412,-2.089
0.200,0.302,-0.966
0.200,0.443,-1.819
0.200,0.464,-2.155
0.200,0.364,-2.096
0.200,0.397,-1.456
0.200,0.449,-2.213
0.200,0.354,-2.292
0.200,0.400,-1.679
0.200,0.458,-1.962
0.200,0.403,-2.082
0.200,0.320,-1.113
0.200,0.456,-1.843
0.200,0.429,-2.031
0.200,0.353,-1.916
0.200,0.347,-1.258
0.200,0.426,-1.688
0.200,0.472,-2.042
0.200,0.389,-1.917
0.200,0.332,-1.995
0.200,0.417,-1.526
0.200,0.466,-1.980
0.200,0.371,-1.832
0.200,0.314,-1.879
0.200,0.385,-1.563
0.200,0.405,-1.924
0.200,0.366,-2.012
0.200,0.337,-1.152
0.200,0.449,-1.947
0.200,0.401,-2.065
0.200,0.310,-1.023
0.200,0.451,-1.694
0.200,0.446,-2.097
0.200,0.368,-2.220
0.200,0.431,-1.611
0.200,0.469,-1.998
0.200,0.390,-2.136
0.200,0.372,-1.511
0.200,0.455,-2.211
0.200,0.374,-2.200
0.200,0.318,-1.164
0.200,0.438,-1.776
0.200,0.433,-2.109
0.200,0.345,-2.082
0.200,0.406,-1.444
0.200,0.447,-1.799
0.200,0.430,-2.033
0.200,0.397,-2.099
0.200,0.344,-1.052
0.200,0.424,-1.438
0.200,0.450,-1.897
0.200,0.436,-2.171
0.200,0.318,-1.909
0.200,0.381,-1.509
0.200,0.387,-1.923
0.200,0.340,-2.063
0.200,0.370,-1.383
0.200,0.449,-1.838
0.200,0.423,-2.108
0.200,0.312,-1.155
0.200,0.446,-1.883
0.200,0.436,-2.150
0.200,0.358,-1.975
0.200,0.398,-1.474
0.200,0.469,-2.108
0.200,0.395,-2.224
0.200,0.361,-1.257
0.200,0.453,-1.945
0.200,0.402,-2.299
0.200,0.345,-1.357
0.200,0.443,-1.919
0.200,0.411,-2.057
0.200,0.330,-2.071
0.200,0.411,-1.523
0.200,0.457,-2.001
0.200,0.381,-1.987
0.200,0.320,-1.987
0.200,0.422,-1.542
0.200,0.469,-1.836
0.200,0.428,-1.929
0.200,0.378,-1.994
0.200,0.354,-1.166
0.200,0.458,-1.784
0.200,0.395,-1.812
0.200,0.346,-1.906
0.200,0.352,-1.477
0.200,0.403,-1.964
0.200,0.380,-2.098
0.200,0.299,-0.897
0.200,0.421,-1.662
0.200,0.436,-2.157
0.200,0.338,-2.093
0.200,0.398,-1.478
0.200,0.451,-2.015
0.200,0.397,-2.134
0.200,0.371,-1.257
0.200,0.468,-1.919
0.200,0.420,-2.143
0.200,0.310,-1.234
0.200,0.448,-2.003
0.200,0.435,-2.306
0.200,0.313,-1.980
0.200,0.416,-1.641
0.200,0.451,-2.129
0.200,0.388,-2.213
0.200,0.355,-1.121
0.200,0.418,-1.599
0.200,0.428,-1.933
0.200,0.411,-2.081
0.200,0.350,-1.934
0.200,0.340,-0.954
0.200,0.417,-1.509
0.200,0.453,-1.966
0.200,0.427,-2.182
0.200,0.305,-1.766
0.200,0.380,-1.534
0.200,0.375,-1.912
0.200,0.361,-2.000
0.200,0.353,-1.217
0.200,0.432,-1.752
0.200,0.395,-2.094
0.200,0.312,-1.164
0.200,0.449,-1.879
0.200,0.385,-1.782
0.200,0.362,-2.069
0.200,0.411,-1.553
0.200,0.489,-2.198
0.200,0.386,-2.131
0.200,0.359,-1.230
0.200,0.451,-2.079
0.200,0.409,-2.379
0.200,0.324,-1.254
0.200,0.429,-1.795
0.200,0.411,-2.099
0.200,0.346,-2.079
0.200,0.414,-1.502
0.200,0.451,-1.906
0.200,0.405,-1.995
0.200,0.358,-2.066
0.200,0.379,-1.210
0.200,0.444,-1.513
0.200,0.462,-1.758
0.200,0.439,-2.074
0.200,0.389,-2.212
0.200,0.377,-1.477
0.200,0.399,-1.717
0.200,0.364,-1.984
0.200,0.337,-1.364
0.200,0.425,-1.861
0.200,0.415,-2.011
0.200,0.344,-2.067
0.200,0.408,-1.557
0.200,0.461,-2.101
0.200,0.380,-2.096
0.200,0.356,-1.184
0.200,0.449,-1.923
0.200,0.447,-2.192
0.200,0.297,-0.916
0.200,0.450,-1.745
0.200,0.432,-2.199
0.200,0.326,-2.261
0.200,0.437,-1.936
0.200,0.446,-2.107
0.200,0.367,-2.047
0.200,0.357,-1.335
0.200,0.460,-1.985
0.200,0.403,-2.097
0.200,0.336,-1.893
0.200,0.349,-1.228
0.200,0.436,-1.701
0.200,0.451,-2.057
0.200,0.354,-1.908
0.200,0.345,-1.054
0.200,0.445,-1.697
0.200,0.466,-2.084
0.200,0.357,-1.853
0.200,0.317,-1.147
0.200,0.400,-1.692
0.200,0.389,-1.991
0.200,0.331,-1.973
0.200,0.395,-1.427
0.200,0.427,-1.952
0.200,0.362,-2.125
0.200,0.393,-1.380
0.200,0.447,-1.791
0.200,0.428,-2.122
0.200,0.298,-1.020
0.200,0.462,-1.836
0.200,0.443,-2.150
0.200,0.359,-2.059
0.200,0.413,-1.686
0.200,0.440,-2.285
0.200,0.356,-2.255
0.200,0.378,-1.445
0.200,0.445,-1.866
0.200,0.404,-2.106
0.200,0.316,-1.054
0.200,0.439,-1.695
0.200,0.440,-1.875
0.200,0.420,-2.086
0.200,0.370,-2.093
0.200,0.350,-1.043
0.200,0.419,-1.368
0.200,0.454,-1.864
0.200,0.442,-2.175
0.200,0.331,-1.975
0.200,0.390,-1.516
0.200,0.392,-1.896
0.200,0.342,-2.077
0.200,0.377,-1.539
0.200,0.446,-1.932
0.200,0.426,-2.085
0.200,0.306,-1.055
0.200,0.429,-1.770
0.200,0.449,-2.182
0.200,0.342,-1.999
0.200,0.394,-1.524
0.200,0.475,-2.080
0.200,0.411,-2.239
0.200,0.368,-1.228
0.200,0.449,-1.965
0.200,0.391,-2.283
0.200,0.341,-1.290
0.200,0.442,-1.880
0.200,0.420,-2.052
0.200,0.331,-2.050
0.200,0.409,-1.623
0.200,0.445,-2.042
0.200,0.376,-1.923
0.200,0.315,-1.972
0.200,0.412,-1.551
0.200,0.454,-1.853
0.200,0.431,-1.886
0.200,0.368,-1.939
0.200,0.345,-1.154
0.200,0.458,-1.814
0.200,0.390,-1.851
0.200,0.332,-1.841
0.200,0.342,-1.350
0.200,0.405,-1.889
0.200,0.367,-1.980
0.200,0.304,-0.991
0.200,0.432,-1.726
0.200,0.431,-2.055
0.200,0.366,-2.169
0.200,0.413,-1.488
0.200,0.458,-1.975
0.200,0.388,-2.167
0.200,0.366,-1.334
0.200,0.475,-1.927
0.200,0.428,-2.116
0.200,0.300,-1.131
0.200,0.462,-2.107
0.200,0.423,-2.341
0.200,0.294,-1.970
0.200,0.414,-1.546
0.200,0.436,-2.007
0.200,0.396,-2.173
0.200,0.350,-1.210
0.200,0.421,-1.584
0.200,0.434,-1.918
0.200,0.405,-2.031
0.200,0.323,-1.992
0.200,0.411,-1.286
0.200,0.456,-1.733
0.200,0.449,-2.071
0.200,0.403,-2.204
0.200,0.322,-1.088
0.200,0.396,-1.630
0.200,0.370,-1.971
0.200,0.327,-2.065
0.200,0.408,-1.512
0.200,0.438,-1.854
0.200,0.390,-2.138
0.200,0.370,-1.403
0.200,0.447,-2.000
0.200,0.392,-2.020
0.200,0.296,-0.882
0.200,0.452,-1.757
0.200,0.470,-2.242
0.200,0.353,-2.103
0.200,0.414,-1.585
0.200,0.446,-2.161
0.200,0.371,-2.298
0.200,0.396,-1.610
0.200,0.441,-1.941
0.200,0.398,-2.142
0.200,0.325,-1.184
0.200,0.447,-1.731
0.200,0.437,-1.982
0.200,0.385,-1.978
0.200,0.334,-2.027
0.200,0.418,-1.419
0.200,0.470,-1.911
0.200,0.437,-1.936
0.200,0.370,-2.050
0.200,0.356,-1.199
0.200,0.433,-1.766
0.200,0.371,-1.833
0.200,0.320,-1.970
0.200,0.394,-1.745
0.200,0.403,-2.027
0.200,0.365,-2.057
0.200,0.356,-1.165
0.200,0.442,-1.891
0.200,0.400,-2.113
0.200,0.303,-1.034
0.200,0.435,-1.689
0.200,0.451,-2.209
0.200,0.380,-2.199
0.200,0.432,-1.548
0.200,0.467,-2.039
0.200,0.375,-2.185
0.200,0.388,-1.613
0.200,0.462,-2.253
0.200,0.385,-2.080
0.200,0.311,-1.044
0.200,0.419,-1.732
0.200,0.431,-2.127
0.200,0.338,-2.063
0.200,0.398,-1.329
0.200,0.434,-1.832
0.200,0.433,-2.075
0.200,0.386,-2.059
0.200,0.339,-0.881
0.200,0.433,-1.520
0.200,0.457,-1.987
0.200,0.434,-2.215
0.200,0.306,-1.819
0.200,0.377,-1.506
0.200,0.398,-1.909
0.200,0.345,-2.016
0.200,0.368,-1.405
0.200,0.440,-1.823
0.200,0.409,-2.101
0.200,0.316,-1.144
0.200,0.455,-1.764
0.200,0.442,-2.018
0.200,0.366,-2.058
0.200,0.407,-1.534
0.200,0.476,-2.144
0.200,0.400,-2.144
0.200,0.356,-1.185
0.200,0.452,-2.037
0.200,0.395,-2.334
0.200,0.344,-1.421
0.200,0.441,-1.922
0.200,0.427,-2.033
0.200,0.347,-2.073
0.200,0.421,-1.599
0.200,0.462,-2.046
0.200,0.376,-2.003
0.200,0.314,-1.989
0.200,0.408,-1.518
0.200,0.467,-1.852
0.200,0.444,-1.875
0.200,0.404,-1.991
0.200,0.335,-2.050
0.200,0.420,-1.536
0.200,0.411,-1.763
1.000,0.987,0.270
1.000,0.985,0.607
1.000,1.172,-0.377
1.000,1.205,-0.799
1.000,1.162,-0.869
1.000,1.100,-0.110
1.000,1.228,-0.849
1.000,1.218,-1.067
1.000,0.945,0.514
1.000,1.100,-0.289
1.000,1.256,-0.995
1.000,1.221,-1.184
1.000,1.126,-0.781
1.000,1.023,0.116
1.000,1.163,-0.474
1.000,1.230,-0.995
1.000,1.148,-0.729
1.000,0.905,0.653
1.000,1.091,-0.039
1.000,1.198,-0.712
1.000,1.212,-0.752
1.000,1.235,-1.105
1.000,0.940,0.439
1.000,1.112,-0.251
1.000,1.214,-0.550
1.000,1.242,-0.911
1.000,1.240,-1.369
1.000,0.987,0.135
1.000,1.132,-0.321
1.000,1.190,-0.779
1.000,1.147,-0.989
1.000,1.082,-0.198
1.000,1.218,-0.614
1.000,1.201,-0.893
1.000,1.044,-0.016
1.000,1.191,-0.693
1.000,1.243,-0.956
1.000,1.197,-0.998
1.000,1.049,-0.060
1.000,1.217,-0.754
1.000,1.237,-0.971
1.000,1.183,-1.021
1.000,0.963,0.273
1.000,1.091,-0.161
1.000,1.192,-0.533
1.000,1.228,-0.771
1.000,1.192,-0.934
1.000,0.990,0.396
1.000,1.076,-0.035
1.000,1.195,-0.487
1.000,1.245,-0.947
1.000,1.213,-1.139
1.000,1.000,0.307
1.000,1.093,-0.012
1.000,1.234,-0.746
1.000,1.262,-1.171
1.000,1.111,-0.767
1.000,1.074,-0.006
1.000,1.179,-0.706
1.000,1.172,-1.012
1.000,1.058,0.125
1.000,1.157,-0.355
1.000,1.212,-0.991
1.000,0.941,0.293
1.000,1.146,-0.530
1.000,1.206,-0.753
1.000,1.227,-1.168
1.000,0.941,0.301
1.000,1.127,-0.412
1.000,1.223,-0.741
1.000,1.239,-1.178
1.000,1.165,-1.163
1.000,1.050,-0.085
1.000,1.146,-0.200
1.000,1.226,-0.637
1.000,1.256,-1.150
1.000,1.146,-0.979
1.000,1.032,0.238
1.000,1.133,-0.207
1.000,1.254,-0.943
1.000,1.220,-1.079
1.000,1.140,-0.830
1.000,1.033,0.286
1.000,1.157,-0.436
1.000,1.213,-0.971
1.000,1.133,-0.777
1.000,1.040,0.152
1.000,1.185,-0.618
1.000,1.187,-0.928
1.000,0.955,0.532
1.000,1.134,-0.162
1.000,1.221,-0.908
1.000,1.139,-0.965
1.000,1.053,0.058
1.000,1.158,-0.279
1.000,1.242,-1.037
1.000,1.187,-1.139
1.000,1.048,0.124
1.000,1.164,-0.438
1.000,1.214,-0.849
1.000,1.212,-1.087
1.000,0.941,0.412
1.000,1.091,-0.026
1.000,1.189,-0.470
1.000,1.275,-1.118
1.000,1.173,-0.995
1.000,0.958,0.498
1.000,1.097,-0.051
1.000,1.276,-0.925
1.000,1.223,-1.030
1.000,1.193,-0.907
1.000,0.979,0.418
1.000,1.090,-0.202
1.000,1.199,-0.917
1.000,1.124,-0.679
1.000,1.012,0.138
1.000,1.202,-0.655
1.000,1.188,-0.970
1.000,0.979,0.403
1.000,1.088,-0.168
1.000,1.250,-1.060
1.000,1.130,-0.950
1.000,1.079,0.107
1.000,1.218,-0.614
1.000,1.232,-1.041
1.000,1.115,-0.978
1.000,1.082,0.049
1.000,1.134,-0.294
1.000,1.244,-1.024
1.000,1.164,-1.049
1.000,0.941,0.488
1.000,1.055,0.162
1.000,1.221,-0.640
1.000,1.235,-0.977
1.000,1.185,-0.885
1.000,0.929,0.574
1.000,1.080,-0.106
1.000,1.223,-0.722
1.000,1.232,-0.937
1.000,1.236,-0.963
1.000,0.975,0.209
1.000,1.136,-0.399
1.000,1.176,-0.632
1.000,1.173,-0.707
1.000,1.031,0.066
1.000,1.203,-0.733
1.000,1.193,-0.825
1.000,0.905,0.592
1.000,1.120,-0.326
1.000,1.242,-1.011
1.000,1.165,-0.988
1.000,0.946,0.491
1.000,1.071,-0.048
1.000,1.236,-0.877
1.000,1.200,-1.069
1.000,1.139,-0.881
1.000,1.008,0.152
1.000,1.174,-0.583
1.000,1.195,-0.808
1.000,1.181,-0.648
1.000,1.178,-0.931
1.000,1.029,0.152
1.000,1.152,-0.448
1.000,1.200,-0.570
1.000,1.266,-1.126
1.000,1.189,-1.161
1.000,1.089,-0.084
1.000,1.149,-0.211
1.000,1.269,-0.945
1.000,1.253,-1.286
1.000,0.984,0.132
1.000,1.140,-0.349
1.000,1.191,-0.845
1.000,1.139,-0.955
1.000,1.093,-0.138
1.000,1.188,-0.542
1.000,1.182,-0.892
1.000,0.999,0.148
1.000,1.168,-0.648
1.000,1.235,-0.882
1.000,1.170,-1.034
1.000,1.007,0.147
1.000,1.159,-0.564
1.000,1.224,-0.982
1.000,1.207,-1.133
1.000,0.943,0.310
1.000,1.099,-0.220
1.000,1.214,-0.772
1.000,1.219,-0.876
1.000,1.190,-1.126
1.000,1.041,0.069
1.000,1.187,-0.401
1.000,1.236,-0.682
1.000,1.248,-1.092
1.000,1.148,-1.056
1.000,1.041,0.227
1.000,1.156,-0.186
1.000,1.247,-0.926
1.000,1.199,-1.090
1.000,0.962,0.322
1.000,1.109,-0.204
1.000,1.193,-0.773
1.000,1.144,-0.931
1.000,1.090,-0.075
1.000,1.192,-0.552
1.000,1.190,-0.999
1.000,1.064,0.047
1.000,1.159,-0.448
1.000,1.222,-0.846
1.000,1.230,-1.154
1.000,1.007,0.249
1.000,1.111,-0.210
1.000,1.191,-0.586
1.000,1.223,-1.007
1.000,1.159,-1.099
1.000,1.017,0.173
1.000,1.139,-0.162
1.000,1.237,-0.773
1.000,1.248,-1.176
1.000,1.138,-0.911
1.000,1.033,0.216
1.000,1.158,-0.320
1.000,1.244,-0.926
1.000,1.218,-1.098
1.000,1.156,-0.870
1.000,1.062,0.117
1.000,1.143,-0.454
1.000,1.182,-0.892
1.000,1.096,-0.618
1.000,1.096,-0.214
1.000,1.222,-0.785
1.000,1.163,-0.900
1.000,1.016,0.207
1.000,1.159,-0.440
1.000,1.224,-1.075
1.000,0.993,0.201
1.000,1.143,-0.248
1.000,1.247,-0.871
1.000,1.253,-1.189
1.000,1.151,-1.025
1.000,1.085,0.061
1.000,1.140,-0.376
1.000,1.249,-1.008
1.000,1.175,-1.078
1.000,0.978,0.413
1.000,1.053,0.174
1.000,1.225,-0.684
1.000,1.222,-0.987
1.000,1.161,-0.803
1.000,0.953,0.582
1.000,1.086,-0.051
1.000,1.209,-0.818
1.000,1.223,-0.870
1.000,1.221,-0.948
1.000,0.947,0.384
1.000,1.142,-0.386
1.000,1.180,-0.654
1.000,1.159,-0.760
1.000,1.028,0.137
1.000,1.199,-0.652
1.000,1.206,-0.843
1.000,0.946,0.571
1.000,1.114,-0.278
1.000,1.221,-0.989
1.000,1.184,-0.951
1.000,0.984,0.463
1.000,1.076,-0.127
1.000,1.258,-0.988
1.000,1.178,-1.071
1.000,0.958,0.376
1.000,1.080,-0.126
1.000,1.236,-1.043
1.000,1.205,-0.996
1.000,1.128,-0.635
1.000,1.020,0.270
1.000,1.162,-0.432
1.000,1.213,-0.840
1.000,1.213,-0.829
1.000,1.167,-0.958
1.000,1.045,0.171
1.000,1.164,-0.465
1.000,1.223,-0.721
1.000,1.224,-1.142
1.000,1.171,-1.190
1.000,1.097,-0.255
1.000,1.180,-0.532
1.000,1.152,-0.856
1.000,1.004,0.099
1.000,1.181,-0.654
1.000,1.178,-0.720
1.000,0.950,0.457
1.000,1.128,-0.309
1.000,1.184,-0.926
1.000,1.160,-0.869
1.000,1.032,0.161
1.000,1.150,-0.389
1.000,1.227,-1.082
1.000,1.110,-0.812
1.000,0.993,0.239
1.000,1.156,-0.442
1.000,1.208,-0.808
1.000,1.152,-0.787
1.000,0.906,0.660
1.000,1.076,0.048
1.000,1.207,-0.600
1.000,1.222,-0.783
1.000,1.201,-0.877
1.000,0.957,0.385
1.000,1.148,-0.255
1.000,1.215,-0.593
1.000,1.248,-0.858
1.000,1.215,-1.160
1.000,1.002,0.192
1.000,1.129,-0.390
1.000,1.183,-0.707
1.000,1.115,-0.797
1.000,1.108,-0.186
1.000,1.201,-0.537
1.000,1.183,-0.757
1.000,1.028,0.056
1.000,1.187,-0.678
1.000,1.225,-0.985
1.000,1.140,-0.804
1.000,1.026,0.134
1.000,1.178,-0.513
1.000,1.230,-0.857
1.000,1.211,-0.866
1.000,1.160,-1.049
1.000,1.024,0.055
1.000,1.142,-0.427
1.000,1.203,-0.520
1.000,1.244,-0.949
1.000,1.198,-1.189
1.000,1.064,-0.032
1.000,1.153,-0.275
1.000,1.260,-0.825
1.000,1.312,-1.427
1.000,1.134,-1.048
1.000,1.023,0.225
1.000,1.194,-0.485
1.000,1.272,-1.147
1.000,1.142,-0.976
1.000,1.034,0.070
1.000,1.181,-0.569
1.000,1.221,-1.062
1.000,0.980,0.224
1.000,1.118,-0.212
1.000,1.218,-0.733
1.000,1.189,-1.116
1.000,1.084,-0.238
1.000,1.220,-0.691
1.000,1.232,-0.999
1.000,1.198,-1.238
1.000,1.086,-0.163
1.000,1.189,-0.468
1.000,1.218,-0.778
1.000,1.217,-1.125
1.000,0.972,0.221
1.000,1.103,-0.074
1.000,1.183,-0.390
1.000,1.245,-0.925
1.000,1.191,-0.987
1.000,0.974,0.497
1.000,1.075,0.099
1.000,1.202,-0.616
1.000,1.249,-1.041
1.000,1.189,-0.927
1.000,0.970,0.495
1.000,1.081,-0.160
1.000,1.213,-0.792
1.000,1.166,-0.756
1.000,0.994,0.385
1.000,1.129,-0.343
1.000,1.211,-0.889
1.000,1.121,-0.707
1.000,1.033,0.204
1.000,1.197,-0.647
1.000,1.177,-1.038
1.000,0.988,0.218
1.000,1.085,0.030
1.000,1.214,-0.663
1.000,1.224,-1.219
1.000,1.116,-0.883
1.000,1.003,0.273
1.000,1.134,-0.355
1.000,1.236,-1.002
1.000,1.206,-0.991
1.000,1.134,-0.655
1.000,1.013,0.294
1.000,1.189,-0.476
1.000,1.220,-0.834
1.000,1.214,-0.831
1.000,1.185,-1.058
1.000,1.016,0.095
1.000,1.145,-0.427
1.000,1.225,-0.663
1.000,1.240,-1.093
1.000,1.183,-1.229
1.000,1.094,-0.277
1.000,1.157,-0.530
1.000,1.176,-0.823
1.000,1.054,0.101
1.000,1.173,-0.616
1.000,1.174,-0.690
1.000,0.927,0.510
1.000,1.128,-0.331
1.000,1.200,-0.784
1.000,1.166,-0.854
1.000,1.029,0.186
1.000,1.158,-0.436
1.000,1.207,-1.010
1.000,1.106,-0.809
1.000,0.988,0.258
1.000,1.158,-0.469
1.000,1.210,-0.986
1.000,1.155,-0.778
1.000,0.909,0.692
1.000,1.081,0.005
1.000,1.221,-0.676
1.000,1.229,-0.851
1.000,1.193,-0.891
1.000,0.943,0.449
1.000,1.147,-0.264
1.000,1.211,-0.568
1.000,1.229,-0.803
1.000,1.217,-1.171
1.000,1.019,0.112
1.000,1.136,-0.321
1.000,1.175,-0.667
1.000,1.130,-0.867
1.000,1.120,-0.230
1.000,1.180,-0.584
1.000,1.186,-0.665
1.000,1.040,0.178
1.000,1.196,-0.698
1.000,1.220,-0.976
1.000,1.138,-0.791
1.000,1.026,0.127
1.000,1.225,-0.806
1.000,1.236,-1.090
1.000,1.175,-0.841
1.000,0.947,0.397
1.000,1.104,-0.234
1.000,1.202,-0.842
1.000,1.181,-0.662
1.000,1.181,-0.965
1.000,1.010,0.259
1.000,1.159,-0.481
1.000,1.212,-0.645
1.000,1.236,-1.014
1.000,1.200,-1.280
1.000,1.060,-0.052
1.000,1.137,-0.237
1.000,1.248,-0.845
1.000,1.250,-1.225
1.000,1.132,-1.027
1.000,1.077,-0.044
1.000,1.199,-0.703
1.000,1.187,-1.019
1.000,1.044,-0.012
1.000,1.179,-0.422
1.000,1.222,-0.804
1.000,0.985,0.357
1.000,1.145,-0.476
1.000,1.224,-0.825
1.000,1.193,-0.944
1.000,0.965,0.361
1.000,1.185,-0.563
1.000,1.236,-0.957
1.000,1.173,-0.976
1.000,0.974,0.238
1.000,1.174,-0.404
1.000,1.227,-0.675
1.000,1.221,-0.822
1.000,1.140,-0.906
1.000,1.026,0.130
1.000,1.131,-0.252
1.000,1.203,-0.592
1.000,1.235,-1.040
1.000,1.161,-1.018
1.000,1.055,0.152
1.000,1.171,-0.233
1.000,1.243,-0.859
1.000,1.235,-1.167
1.000,1.012,0.201
1.000,1.115,-0.192
1.000,1.189,-0.794
1.000,1.153,-0.957
1.000,1.117,-0.192
1.000,1.173,-0.501
1.000,1.179,-0.908
1.000,1.007,0.136
1.000,1.167,-0.660
1.000,1.213,-0.775
1.000,1.170,-1.045
1.000,1.020,0.092
1.000,1.184,-0.663
1.000,1.203,-0.891
1.000,1.179,-1.072
1.000,0.927,0.365
1.000,1.107,-0.253
1.000,1.205,-0.637
1.000,1.247,-0.997
1.000,1.190,-1.145
1.000,1.049,0.039
1.000,1.180,-0.340
1.000,1.221,-0.630
1.000,1.289,-1.284
1.000,1.179,-1.124
1.000,1.086,-0.002
1.000,1.154,-0.251
1.000,1.280,-1.035
1.000,1.218,-1.157
1.000,0.978,0.278
1.000,1.137,-0.178
1.000,1.212,-0.906
1.000,1.130,-0.900
1.000,1.078,0.008
1.000,1.201,-0.525
1.000,1.179,-0.949
1.000,1.071,0.062
1.000,1.152,-0.368
1.000,1.229,-0.898
1.000,1.223,-1.144
1.000,1.072,-0.044
1.000,1.162,-0.454
1.000,1.222,-0.765
1.000,1.209,-1.050
1.000,1.151,-1.033
1.000,1.011,0.224
1.000,1.152,-0.206
1.000,1.221,-0.700
1.000,1.218,-1.009
1.000,1.130,-0.775
1.000,1.018,0.305
1.000,1.123,-0.329
1.000,1.240,-0.913
1.000,1.228,-0.962
1.000,1.135,-0.714
1.000,1.024,0.113
1.000,1.187,-0.566
1.000,1.179,-0.799
1.000,1.100,-0.598
1.000,1.074,-0.036
1.000,1.196,-0.719
1.000,1.166,-0.878
1.000,0.996,0.330
1.000,1.181,-0.501
1.000,1.205,-1.021
1.000,0.971,0.392
1.000,1.128,-0.116
1.000,1.255,-0.944
1.000,1.236,-1.228
1.000,1.040,0.034
1.000,1.156,-0.443
1.000,1.239,-0.926
1.000,1.227,-1.139
1.000,1.115,-0.841
1.000,1.001,0.367
1.000,1.129,-0.170
1.000,1.257,-0.937
1.000,1.213,-1.019
1.000,1.124,-0.664
1.000,1.015,0.375
1.000,1.170,-0.393
1.000,1.230,-0.919
1.000,1.203,-0.872
1.000,1.198,-1.064
1.000,1.051,0.062
1.000,1.158,-0.571
1.000,1.150,-0.713
1.000,1.140,-0.806
1.000,1.098,-0.194
1.000,1.166,-0.715
1.000,1.157,-0.726
1.000,0.970,0.443
1.000,1.176,-0.574
1.000,1.194,-0.841
1.000,0.931,0.511
1.000,1.107,-0.077
1.000,1.225,-0.893
1.000,1.185,-1.118
1.000,0.976,0.377
1.000,1.078,-0.000
1.000,1.182,-0.633
1.000,1.199,-1.101
1.000,1.116,-0.732
1.000,1.015,0.394
1.000,1.120,-0.124
1.000,1.253,-0.883
1.000,1.196,-0.856
1.000,1.134,-0.669
1.000,1.048,0.227
1.000,1.178,-0.415
1.000,1.231,-0.798
1.000,1.224,-0.904
1.000,1.180,-1.101
1.000,1.067,-0.039
1.000,1.164,-0.525
1.000,1.171,-0.692
1.000,1.003,0.244
1.000,1.124,-0.350
1.000,1.202,-0.818
1.000,1.140,-0.642
1.000,1.117,-0.162
1.000,1.237,-0.896
1.000,1.152,-0.923
1.000,0.976,0.379
1.000,1.167,-0.422
1.000,1.281,-1.137
1.000,1.164,-1.083
1.000,0.974,0.367
1.000,1.163,-0.344
1.000,1.231,-0.928
1.000,1.207,-1.025
1.000,0.981,0.366
0.200,0.167,-1.126
0.200,0.491,-2.689
0.200,0.340,-2.423
0.200,0.416,-1.640
0.200,0.447,-1.909
0.200,0.447,-2.140
0.200,0.419,-2.188
0.200,0.350,-1.916
0.200,0.354,-1.046
0.200,0.433,-1.649
0.200,0.465,-2.060
0.200,0.348,-1.848
0.200,0.311,-1.111
0.200,0.382,-1.747
0.200,0.375,-2.041
0.200,0.309,-1.958
0.200,0.391,-1.512
0.200,0.440,-1.934
0.200,0.387,-2.167
0.200,0.373,-1.373
0.200,0.451,-1.898
0.200,0.409,-2.072
0.200,0.292,-1.049
0.200,0.450,-1.718
0.200,0.453,-2.121
0.200,0.353,-2.060
0.200,0.393,-1.666
0.200,0.433,-2.285
0.200,0.359,-2.201
0.200,0.371,-1.373
0.200,0.423,-1.827
0.200,0.394,-2.139
0.200,0.316,-1.115
0.200,0.432,-1.726
0.200,0.434,-1.857
0.200,0.398,-2.032
0.200,0.363,-2.080
0.200,0.355,-1.103
0.200,0.432,-1.430
0.200,0.440,-1.823
0.200,0.418,-2.078
0.200,0.357,-2.107
0.200,0.358,-1.289
0.200,0.390,-1.728
0.200,0.347,-1.965
0.200,0.333,-1.307
0.200,0.426,-1.638
0.200,0.428,-1.926
0.200,0.351,-2.075
0.200,0.404,-1.626
0.200,0.451,-2.106
0.200,0.371,-2.021
0.200,0.351,-1.180
0.200,0.472,-1.969
0.200,0.447,-2.278
0.200,0.303,-0.985
0.200,0.439,-1.817
0.200,0.425,-2.212
0.200,0.344,-2.275
0.200,0.425,-1.774
0.200,0.421,-1.992
0.200,0.356,-2.082
0.200,0.375,-1.428
0.200,0.468,-1.900
0.200,0.411,-1.965
0.200,0.355,-1.964
0.200,0.360,-1.206
0.200,0.464,-1.880
0.200,0.416,-1.967
0.200,0.374,-1.947
0.200,0.346,-1.162
0.200,0.449,-1.774
0.200,0.411,-1.922
0.200,0.331,-1.836
0.200,0.351,-1.472
0.200,0.392,-1.919
0.200,0.354,-2.006
0.200,0.319,-1.089
0.200,0.428,-1.641
0.200,0.421,-2.056
0.200,0.354,-2.143
0.200,0.401,-1.503
0.200,0.455,-1.994
0.200,0.393,-2.105
0.200,0.355,-1.214
0.200,0.468,-1.958
0.200,0.410,-2.102
0.200,0.309,-1.185
0.200,0.443,-2.068
0.200,0.430,-2.300
0.200,0.320,-2.002
0.200,0.402,-1.563
0.200,0.435,-1.905
0.200,0.419,-2.177
0.200,0.306,-1.010
0.200,0.412,-1.587
0.200,0.433,-1.956
0.200,0.411,-2.079
0.200,0.285,-0.762
0.200,0.451,-1.469
0.200,0.453,-1.798
0.200,0.433,-2.097
0.200,0.378,-2.188
0.200,0.371,-1.437
0.200,0.399,-1.738
0.200,0.353,-1.971
0.200,0.336,-1.312
0.200,0.435,-1.794
0.200,0.427,-2.020
0.200,0.338,-2.069
0.200,0.424,-1.619
0.200,0.441,-2.000
0.200,0.375,-1.976
0.200,0.367,-1.288
0.200,0.457,-1.963
0.200,0.425,-2.249
0.200,0.299,-0.903
0.200,0.432,-1.691
0.200,0.427,-2.234
0.200,0.332,-2.266
0.200,0.422,-1.841
0.200,0.432,-1.958
0.200,0.364,-2.034
0.200,0.370,-1.373
0.200,0.450,-1.934
0.200,0.397,-1.986
0.200,0.309,-1.901
0.200,0.395,-1.516
0.200,0.447,-1.846
0.200,0.437,-1.943
0.200,0.392,-1.855
0.200,0.338,-1.976
0.200,0.403,-1.466
0.200,0.418,-1.819
0.200,0.350,-1.820
0.200,0.320,-1.245
0.200,0.396,-1.721
0.200,0.401,-2.001
0.200,0.343,-1.992
0.200,0.401,-1.462
0.200,0.441,-2.065
0.200,0.373,-2.168
0.200,0.358,-1.214
0.200,0.449,-1.769
0.200,0.421,-2.149
0.200,0.316,-1.076
0.200,0.458,-1.841
0.200,0.434,-2.089
0.200,0.358,-2.123
0.200,0.404,-1.721
0.200,0.449,-2.299
0.200,0.329,-2.042
0.200,0.364,-1.354
0.200,0.440,-1.878
0.200,0.412,-2.118
0.200,0.293,-0.974
0.200,0.433,-1.630
0.200,0.430,-2.047
0.200,0.377,-2.110
0.200,0.375,-1.279
0.200,0.455,-1.635
0.200,0.440,-1.922
0.200,0.391,-2.100
0.200,0.331,-2.133
0.200,0.395,-1.594
0.200,0.379,-1.785
0.200,0.343,-1.952
0.200,0.362,-1.467
0.200,0.426,-1.919
0.200,0.392,-1.982
0.200,0.298,-1.048
0.200,0.430,-1.845
0.200,0.432,-2.083
0.200,0.356,-2.010
0.200,0.402,-1.412
0.200,0.451,-2.058
0.200,0.397,-2.244
0.200,0.366,-1.317
0.200,0.455,-1.838
0.200,0.400,-2.186
0.200,0.333,-1.340
0.200,0.442,-2.031
0.200,0.402,-2.076
0.200,0.339,-1.984
0.200,0.404,-1.574
0.200,0.453,-2.045
0.200,0.368,-2.007
0.200,0.343,-1.161
0.200,0.414,-1.686
0.200,0.444,-1.964
0.200,0.393,-2.092
0.200,0.314,-1.782
0.200,0.396,-1.341
0.200,0.456,-1.878
0.200,0.446,-2.141
0.200,0.338,-1.843
0.200,0.360,-1.376
0.200,0.399,-1.892
0.200,0.369,-2.071
0.200,0.302,-0.969
0.200,0.409,-1.552
0.200,0.424,-2.057
0.200,0.347,-2.164
0.200,0.406,-1.637
0.200,0.435,-1.948
0.200,0.392,-2.061
0.200,0.362,-1.260
0.200,0.476,-1.982
0.200,0.414,-2.130
0.200,0.303,-1.058
0.200,0.431,-1.862
0.200,0.428,-2.318
0.200,0.315,-2.106
0.200,0.395,-1.588
0.200,0.418,-2.001
0.200,0.357,-2.118
0.200,0.365,-1.230
0.200,0.441,-1.739
0.200,0.427,-1.932
0.200,0.389,-2.059
0.200,0.341,-2.031
0.200,0.391,-1.224
0.200,0.444,-1.698
0.200,0.439,-2.049
0.200,0.395,-2.167
0.200,0.330,-1.210
0.200,0.376,-1.600
0.200,0.377,-1.895
0.200,0.323,-1.989
0.200,0.390,-1.590
0.200,0.438,-1.948
0.200,0.374,-2.055
0.200,0.347,-1.231
0.200,0.446,-1.893
0.200,0.412,-2.091
0.200,0.284,-0.906
0.200,0.445,-1.826
0.200,0.444,-2.203
0.200,0.356,-2.099
0.200,0.408,-1.454
0.200,0.453,-2.139
0.200,0.366,-2.293
0.200,0.400,-1.707
0.200,0.443,-2.071
0.200,0.392,-2.009
0.200,0.328,-2.039
0.200,0.409,-1.511
0.200,0.455,-1.969
0.200,0.380,-1.948
0.200,0.310,-1.943
0.200,0.413,-1.521
0.200,0.465,-1.807
0.200,0.443,-1.839
0.200,0.404,-1.974
0.200,0.329,-2.013
0.200,0.435,-1.574
0.200,0.405,-1.725
0.200,0.359,-1.875
0.200,0.319,-1.289
0.200,0.406,-1.837
0.200,0.408,-2.048
0.200,0.338,-1.979
0.200,0.393,-1.458
0.200,0.440,-2.046
0.200,0.365,-2.067
0.200,0.361,-1.234
0.200,0.442,-1.860
0.200,0.429,-2.144
0.200,0.295,-0.891
0.200,0.454,-1.724
0.200,0.441,-2.133
0.200,0.331,-2.213
0.200,0.422,-1.883
0.200,0.449,-2.196
0.200,0.353,-1.999
0.200,0.367,-1.360
0.200,0.450,-1.997
0.200,0.418,-2.195
0.200,0.302,-0.971
0.200,0.426,-1.556
0.200,0.442,-2.021
0.200,0.418,-2.129
0.200,0.326,-1.859
0.200,0.376,-1.101
0.200,0.428,-1.770
0.200,0.438,-2.124
0.200,0.335,-1.964
0.200,0.362,-1.274
0.200,0.399,-1.797
0.200,0.354,-2.014
0.200,0.342,-1.316
0.200,0.433,-1.736
0.200,0.431,-2.057
0.200,0.344,-2.024
0.200,0.397,-1.532
0.200,0.446,-2.020
0.200,0.379,-2.027
0.200,0.349,-1.304
0.200,0.455,-2.005
0.200,0.383,-1.938
0.200,0.305,-0.964
0.200,0.430,-1.796
0.200,0.422,-2.313
0.200,0.318,-2.264
0.200,0.410,-1.762
0.200,0.435,-1.946
0.200,0.359,-2.037
0.200,0.358,-1.331
0.200,0.453,-1.930
0.200,0.390,-1.966
0.200,0.344,-1.985
0.200,0.377,-1.315
0.200,0.437,-1.645
0.200,0.440,-1.874
0.200,0.404,-1.974
0.200,0.332,-2.015
0.200,0.421,-1.560
0.200,0.398,-1.747
0.200,0.355,-1.856
0.200,0.317,-1.293
0.200,0.395,-1.700
0.200,0.408,-2.018
0.200,0.330,-1.887
0.200,0.395,-1.503
0.200,0.444,-2.078
0.200,0.375,-2.168
0.200,0.373,-1.210
0.200,0.453,-1.809
0.200,0.408,-2.098
0.200,0.296,-0.993
0.200,0.454,-1.795
0.200,0.447,-2.039
0.200,0.348,-2.176
0.200,0.427,-1.873
0.200,0.446,-2.273
0.200,0.340,-2.040
0.200,0.356,-1.376
0.200,0.440,-1.881
0.200,0.419,-2.152
0.200,0.306,-1.897
0.200,0.392,-1.363
0.200,0.432,-1.789
0.200,0.444,-2.068
0.200,0.388,-1.982
0.200,0.331,-1.794
0.200,0.386,-1.306
0.200,0.450,-1.951
0.200,0.450,-2.235
0.200,0.319,-1.798
0.200,0.352,-1.309
0.200,0.400,-1.852
0.200,0.369,-2.023
0.200,0.300,-1.007
0.200,0.424,-1.661
0.200,0.422,-2.121
0.200,0.353,-2.077
0.200,0.409,-1.537
0.200,0.457,-1.964
0.200,0.339,-1.904
0.200,0.369,-1.369
0.200,0.476,-2.044
0.200,0.426,-2.096
0.200,0.298,-1.019
0.200,0.429,-1.939
0.200,0.426,-2.358
0.200,0.297,-2.043
0.200,0.406,-1.523
0.200,0.438,-1.992
0.200,0.379,-2.135
0.200,0.362,-1.297
0.200,0.451,-1.825
0.200,0.428,-1.999
0.200,0.374,-2.047
0.200,0.312,-0.939
0.200,0.433,-1.517
0.200,0.447,-1.786
0.200,0.424,-2.076
0.200,0.374,-2.174
0.200,0.368,-1.367
0.200,0.394,-1.735
0.200,0.345,-1.943
0.200,0.340,-1.407
0.200,0.411,-1.693
0.200,0.414,-1.906
0.200,0.350,-2.018
0.200,0.413,-1.634
0.200,0.447,-2.097
0.200,0.368,-2.059
0.200,0.348,-1.109
0.200,0.450,-1.876
0.200,0.440,-2.235
0.200,0.296,-0.975
0.200,0.442,-1.750
0.200,0.438,-2.193
0.200,0.324,-2.187
0.200,0.424,-1.840
0.200,0.425,-2.078
0.200,0.360,-2.064
0.200,0.373,-1.452
0.200,0.460,-1.925
0.200,0.412,-2.024
0.200,0.317,-1.905
0.200,0.392,-1.470
0.200,0.445,-1.831
0.200,0.424,-2.098
0.200,0.357,-1.865
0.200,0.347,-1.071
0.200,0.449,-1.703
0.200,0.463,-2.070
0.200,0.356,-1.825
0.200,0.318,-1.149
0.200,0.395,-1.803
0.200,0.390,-2.082
0.200,0.323,-1.999
0.200,0.390,-1.359
0.200,0.443,-1.992
0.200,0.372,-2.123
0.200,0.378,-1.370
0.200,0.450,-1.867
0.200,0.428,-2.176
0.200,0.313,-0.963
0.200,0.467,-1.772
0.200,0.453,-2.113
0.200,0.344,-2.085
0.200,0.400,-1.749
0.200,0.446,-2.321
0.200,0.353,-2.133
0.200,0.357,-1.317
0.200,0.434,-1.918
0.200,0.390,-2.111
0.200,0.319,-1.113
0.200,0.439,-1.603
0.200,0.433,-1.945
0.200,0.388,-2.065
0.200,0.338,-2.041
0.200,0.405,-1.406
0.200,0.443,-1.678
0.200,0.435,-2.010
0.200,0.396,-2.155
0.200,0.340,-1.214
0.200,0.380,-1.615
0.200,0.372,-1.869
0.200,0.326,-2.005
0.200,0.399,-1.635
0.200,0.427,-1.910
0.200,0.368,-2.017
0.200,0.356,-1.393
0.200,0.443,-1.887
0.200,0.417,-2.100
0.200,0.282,-0.868
0.200,0.436,-1.764
0.200,0.449,-2.203
0.200,0.344,-2.151
0.200,0.420,-1.484
0.200,0.443,-2.057
0.200,0.364,-2.273
0.200,0.400,-1.652
0.200,0.440,-2.044
0.200,0.393,-2.005
0.200,0.289,-1.006
0.200,0.430,-1.751
0.200,0.428,-2.063
0.200,0.341,-1.934
0.200,0.356,-1.275
0.200,0.441,-1.734
0.200,0.465,-1.978
0.200,0.386,-1.916
0.200,0.334,-1.917
0.200,0.411,-1.470
0.200,0.473,-1.957
0.200,0.371,-1.838
0.200,0.322,-1.886
0.200,0.379,-1.658
0.200,0.400,-2.026
0.200,0.364,-1.994
0.200,0.354,-1.181
0.200,0.433,-1.829
0.200,0.402,-2.126
0.200,0.333,-1.195
0.200,0.445,-1.624
0.200,0.442,-1.998
0.200,0.367,-2.149
0.200,0.414,-1.559
0.200,0.470,-2.119
0.200,0.379,-2.107
0.200,0.370,-1.440
0.200,0.447,-2.139
0.200,0.384,-2.258
0.200,0.324,-1.187
0.200,0.425,-1.796
0.200,0.426,-2.052
0.200,0.359,-2.116
0.200,0.398,-1.425
0.200,0.435,-1.744
0.200,0.430,-2.006
0.200,0.402,-2.111
0.200,0.319,-1.876
0.200,0.381,-1.139
0.200,0.436,-1.800
0.200,0.444,-2.158
0.200,0.382,-2.197
0.200,0.335,-1.205
0.200,0.384,-1.684
0.200,0.374,-1.901
0.200,0.327,-1.981
0.200,0.395,-1.451
0.200,0.449,-1.957
0.200,0.378,-2.135
0.200,0.367,-1.306
0.200,0.465,-1.936
0.200,0.421,-2.041
0.200,0.302,-1.045
0.200,0.467,-1.897
0.200,0.464,-2.255
0.200,0.348,-1.994
0.200,0.401,-1.531
0.200,0.438,-2.208
0.200,0.368,-2.315
0.200,0.387,-1.566
0.200,0.436,-1.934
0.200,0.400,-2.064
0.200,0.311,-1.078
0.200,0.450,-1.776
0.200,0.428,-1.964
0.200,0.371,-1.992
0.200,0.316,-1.976
0.200,0.420,-1.452
0.200,0.463,-1.853
0.200,0.418,-1.922
0.200,0.365,-2.069
0.200,0.370,-1.256
0.200,0.412,-1.696
0.200,0.370,-1.831
0.200,0.313,-1.979
0.200,0.393,-1.746
0.200,0.402,-1.877
0.200,0.355,-1.878
0.200,0.352,-1.242
0.200,0.440,-1.954
0.200,0.401,-2.174
0.200,0.302,-1.024
0.200,0.442,-1.622
0.200,0.441,-2.083
0.200,0.374,-2.200
0.200,0.420,-1.569
0.200,0.453,-2.032
0.200,0.381,-2.187
0.200,0.399,-1.622
0.200,0.456,-2.164
0.200,0.374,-2.085
0.200,0.317,-1.135
0.200,0.433,-1.850
0.200,0.452,-2.122
0.200,0.341,-1.947
0.200,0.383,-1.330
0.200,0.431,-1.808
0.200,0.441,-2.058
0.200,0.358,-2.038
0.200,0.353,-1.005
0.200,0.423,-1.516
0.200,0.459,-1.984
0.200,0.440,-2.233
0.200,0.310,-1.820
0.200,0.383,-1.533
0.200,0.403,-2.010
0.200,0.349,-2.064
0.200,0.361,-1.341
0.200,0.441,-1.748
0.200,0.416,-2.130
0.200,0.316,-1.112
0.200,0.447,-1.838
0.200,0.435,-2.035
0.200,0.354,-2.101
0.200,0.412,-1.490
0.200,0.479,-2.091
0.200,0.392,-2.100
0.200,0.360,-1.313
0.200,0.447,-2.150
0.200,0.391,-2.351
0.200,0.338,-1.253
0.200,0.428,-1.753
0.200,0.418,-2.073
0.200,0.325,-2.055
0.200,0.416,-1.616
0.200,0.438,-1.936
0.200,0.401,-2.005
0.200,0.345,-2.016
0.200,0.368,-1.214
0.200,0.451,-1.602
0.200,0.435,-1.861
0.200,0.398,-2.077
0.200,0.337,-2.121
0.200,0.401,-1.592
0.200,0.381,-1.799
0.200,0.343,-1.908
0.200,0.365,-1.464
0.200,0.412,-1.861
0.200,0.393,-1.971
0.200,0.306,-1.032
0.200,0.434,-1.866
0.200,0.435,-2.087
0.200,0.341,-1.997
0.200,0.391,-1.379
0.200,0.459,-2.080
0.200,0.389,-2.226
0.200,0.386,-1.394
0.200,0.468,-1.846
0.200,0.422,-2.198
0.200,0.332,-1.344
0.200,0.459,-2.087
0.200,0.399,-2.119
0.200,0.324,-1.917
0.200,0.398,-1.542
0.200,0.446,-2.032
0.200,0.381,-2.091
0.200,0.354,-1.180
0.200,0.417,-1.667
0.200,0.445,-1.966
0.200,0.420,-2.045
0.200,0.327,-1.839
0.200,0.398,-1.276
0.200,0.454,-1.836
0.200,0.453,-2.157
0.200,0.331,-1.817
1.000,1.088,0.332
1.000,1.167,-0.276
1.000,1.206,-0.852
1.000,1.012,0.210
1.000,1.123,-0.207
1.000,1.212,-0.829
1.000,1.163,-1.085
1.000,1.097,-0.289
1.000,1.202,-0.543
1.000,1.249,-1.198
1.000,0.960,0.284
1.000,1.123,-0.445
1.000,1.215,-0.855
1.000,1.223,-1.127
1.000,1.166,-1.129
1.000,1.048,0.010
1.000,1.151,-0.213
1.000,1.227,-0.690
1.000,1.235,-1.132
1.000,1.145,-0.991
1.000,1.044,0.195
1.000,1.158,-0.287
1.000,1.298,-1.092
1.000,1.213,-1.150
1.000,1.142,-0.832
1.000,1.022,0.269
1.000,1.159,-0.465
1.000,1.216,-0.957
1.000,1.127,-0.670
1.000,1.002,0.191
1.000,1.190,-0.583
1.000,1.179,-0.897
1.000,0.964,0.403
1.000,1.116,-0.139
1.000,1.224,-0.966
1.000,1.140,-0.928
1.000,1.046,0.228
1.000,1.215,-0.574
1.000,1.257,-1.109
1.000,1.189,-1.069
1.000,0.987,0.352
1.000,1.068,-0.025
1.000,1.212,-0.811
1.000,1.204,-1.117
1.000,1.129,-0.804
1.000,0.986,0.462
1.000,1.148,-0.296
1.000,1.223,-0.950
1.000,1.211,-0.946
1.000,1.138,-0.751
1.000,1.022,0.199
1.000,1.199,-0.483
1.000,1.231,-0.757
1.000,1.221,-0.887
1.000,1.168,-1.095
1.000,1.075,-0.065
1.000,1.173,-0.607
1.000,1.148,-0.654
1.000,0.964,0.279
1.000,1.151,-0.319
1.000,1.201,-0.763
1.000,1.139,-0.712
1.000,1.109,-0.173
1.000,1.209,-0.822
1.000,1.221,-1.079
1.000,1.010,0.357
1.000,1.143,-0.218
1.000,1.232,-0.880
1.000,1.215,-1.102
1.000,1.125,-0.771
1.000,1.068,0.018
1.000,1.143,-0.444
1.000,1.209,-1.006
1.000,1.158,-0.712
1.000,0.922,0.596
1.000,1.092,-0.071
1.000,1.193,-0.724
1.000,1.199,-0.786
1.000,1.213,-1.035
1.000,0.939,0.467
1.000,1.101,-0.184
1.000,1.202,-0.509
1.000,1.263,-0.942
1.000,1.230,-1.275
1.000,0.981,0.142
1.000,1.126,-0.287
1.000,1.194,-0.786
1.000,1.134,-0.919
1.000,1.092,-0.105
1.000,1.208,-0.651
1.000,1.198,-0.895
1.000,1.044,0.021
1.000,1.191,-0.657
1.000,1.227,-0.827
1.000,1.194,-0.941
1.000,0.967,0.338
1.000,1.184,-0.455
1.000,1.230,-0.901
1.000,1.219,-0.967
1.000,0.907,0.495
1.000,1.144,-0.247
1.000,1.192,-0.541
1.000,1.195,-0.711
1.000,1.207,-0.962
1.000,0.954,0.412
1.000,1.082,-0.087
1.000,1.189,-0.454
1.000,1.252,-0.969
1.000,1.229,-1.201
1.000,1.006,0.285
1.000,1.084,0.070
1.000,1.215,-0.660
1.000,1.247,-1.086
1.000,1.128,-0.822
1.000,1.080,-0.005
1.000,1.186,-0.722
1.000,1.170,-0.971
1.000,1.033,0.148
1.000,1.166,-0.420
1.000,1.184,-0.871
1.000,0.950,0.296
1.000,1.136,-0.487
1.000,1.226,-0.724
1.000,1.222,-1.195
1.000,0.938,0.340
1.000,1.140,-0.356
1.000,1.224,-0.768
1.000,1.228,-1.055
1.000,1.173,-1.151
1.000,1.039,0.008
1.000,1.156,-0.247
1.000,1.217,-0.656
1.000,1.244,-1.200
1.000,1.145,-0.934
1.000,1.039,0.242
1.000,1.123,-0.191
1.000,1.269,-0.994
1.000,1.209,-1.023
1.000,1.141,-0.777
1.000,1.019,0.343
1.000,1.199,-0.522
1.000,1.213,-0.912
1.000,1.136,-0.685
1.000,1.038,0.224
1.000,1.168,-0.525
1.000,1.197,-0.808
1.000,0.938,0.523
1.000,1.132,-0.166
1.000,1.201,-0.840
1.000,1.156,-1.018
1.000,1.052,0.061
1.000,1.155,-0.267
1.000,1.225,-0.787
1.000,1.232,-1.132
1.000,1.126,-0.839
1.000,1.017,0.248
1.000,1.143,-0.394
1.000,1.236,-1.001
1.000,1.205,-0.932
1.000,1.125,-0.618
1.000,1.018,0.284
1.000,1.189,-0.440
1.000,1.212,-0.773
1.000,1.204,-0.786
1.000,1.188,-1.103
1.000,1.061,0.075
1.000,1.161,-0.453
1.000,1.223,-0.698
1.000,1.260,-1.189
1.000,1.160,-1.139
1.000,1.114,-0.224
1.000,1.174,-0.551
1.000,1.157,-0.825
1.000,1.016,0.099
1.000,1.190,-0.597
1.000,1.182,-0.667
1.000,0.926,0.614
1.000,1.145,-0.353
1.000,1.195,-0.879
1.000,1.154,-0.765
1.000,1.029,0.200
1.000,1.158,-0.433
1.000,1.219,-1.083
1.000,1.168,-0.856
1.000,0.925,0.419
1.000,1.087,-0.164
1.000,1.197,-0.843
1.000,1.160,-0.725
1.000,0.922,0.567
1.000,1.095,-0.032
1.000,1.219,-0.640
1.000,1.223,-0.760
1.000,1.206,-0.891
1.000,0.966,0.365
1.000,1.143,-0.237
1.000,1.209,-0.503
1.000,1.255,-0.856
1.000,1.217,-1.197
1.000,1.030,0.111
1.000,1.128,-0.329
1.000,1.179,-0.690
1.000,1.121,-0.810
1.000,1.121,-0.192
1.000,1.214,-0.564
1.000,1.186,-0.756
1.000,1.013,0.137
1.000,1.191,-0.661
1.000,1.236,-1.005
1.000,1.153,-0.816
1.000,1.049,-0.016
1.000,1.154,-0.490
1.000,1.232,-0.967
1.000,1.154,-0.826
1.000,0.947,0.363
1.000,1.100,-0.194
1.000,1.220,-0.816
1.000,1.199,-0.748
1.000,1.155,-0.977
1.000,1.041,0.099
1.000,1.209,-0.663
1.000,1.215,-0.775
1.000,1.193,-0.994
1.000,0.945,0.428
1.000,1.129,-0.383
1.000,1.190,-0.493
1.000,1.257,-0.986
1.000,1.249,-1.443
1.000,1.007,0.064
1.000,1.130,-0.268
1.000,1.198,-0.709
1.000,1.178,-0.979
1.000,1.123,-0.215
1.000,1.188,-0.597
1.000,1.209,-0.892
1.000,1.014,0.131
1.000,1.184,-0.620
1.000,1.237,-0.857
1.000,1.164,-0.921
1.000,1.030,0.109
1.000,1.207,-0.770
1.000,1.219,-0.882
1.000,1.191,-0.914
1.000,0.959,0.332
1.000,1.177,-0.538
1.000,1.213,-0.668
1.000,1.229,-0.839
1.000,1.169,-0.967
1.000,1.077,0.057
1.000,1.174,-0.350
1.000,1.240,-0.701
1.000,1.230,-1.009
1.000,1.160,-1.056
1.000,1.060,0.057
1.000,1.158,-0.258
1.000,1.222,-0.825
1.000,1.225,-1.158
1.000,0.972,0.260
1.000,1.132,-0.206
1.000,1.198,-0.882
1.000,1.133,-0.908
1.000,1.083,-0.030
1.000,1.173,-0.446
1.000,1.194,-0.981
1.000,1.040,0.114
1.000,1.168,-0.502
1.000,1.209,-0.799
1.000,1.197,-1.034
1.000,1.053,0.067
1.000,1.166,-0.556
1.000,1.193,-0.652
1.000,1.230,-1.076
1.000,1.166,-1.107
1.000,1.054,-0.010
1.000,1.144,-0.175
1.000,1.259,-0.768
1.000,1.301,-1.391
1.000,1.120,-0.924
1.000,1.024,0.174
1.000,1.140,-0.245
1.000,1.303,-1.108
1.000,1.204,-1.044
1.000,1.152,-0.834
1.000,1.039,0.200
1.000,1.125,-0.366
1.000,1.218,-0.960
1.000,1.122,-0.606
1.000,1.031,0.207
1.000,1.161,-0.527
1.000,1.191,-0.817
1.000,1.014,0.347
1.000,1.116,-0.152
1.000,1.217,-0.926
1.000,1.130,-0.853
1.000,1.040,0.276
1.000,1.210,-0.582
1.000,1.218,-1.122
1.000,1.037,0.105
1.000,1.095,-0.036
1.000,1.176,-0.501
1.000,1.222,-1.019
1.000,1.128,-0.990
1.000,1.006,0.242
1.000,1.155,-0.155
1.000,1.219,-0.660
1.000,1.230,-1.056
1.000,1.126,-0.770
1.000,1.023,0.323
1.000,1.132,-0.280
1.000,1.262,-0.963
1.000,1.229,-0.998
1.000,1.151,-0.810
1.000,1.041,0.031
1.000,1.201,-0.677
1.000,1.164,-0.820
1.000,1.116,-0.631
1.000,1.080,-0.103
1.000,1.209,-0.794
1.000,1.158,-0.792
1.000,0.997,0.358
1.000,1.163,-0.358
1.000,1.210,-0.978
1.000,0.951,0.350
1.000,1.092,-0.037
1.000,1.249,-0.952
1.000,1.217,-1.270
1.000,0.990,0.185
1.000,1.089,-0.042
1.000,1.204,-0.673
1.000,1.249,-1.116
1.000,1.139,-0.861
1.000,0.952,0.600
1.000,1.117,0.011
1.000,1.181,-0.500
1.000,1.223,-0.978
1.000,1.158,-0.720
1.000,0.919,0.572
1.000,1.101,-0.135
1.000,1.202,-0.711
1.000,1.235,-0.882
1.000,1.226,-1.168
1.000,0.949,0.270
1.000,1.106,-0.362
1.000,1.157,-0.613
1.000,1.171,-0.863
1.000,1.021,0.106
1.000,1.158,-0.570
1.000,1.187,-0.729
1.000,0.924,0.605
1.000,1.151,-0.241
1.000,1.200,-0.834
1.000,1.172,-0.916
1.000,1.025,0.239
1.000,1.159,-0.412
1.000,1.217,-1.005
1.000,1.123,-0.869
1.000,1.000,0.233
1.000,1.162,-0.472
1.000,1.210,-0.802
1.000,1.154,-0.812
1.000,0.939,0.611
1.000,1.087,0.017
1.000,1.228,-0.662
1.000,1.242,-0.869
1.000,1.169,-0.750
1.000,0.957,0.426
1.000,1.132,-0.209
1.000,1.210,-0.586
1.000,1.234,-0.768
1.000,1.195,-1.018
1.000,1.004,0.234
1.000,1.142,-0.360
1.000,1.175,-0.644
1.000,1.130,-0.838
1.000,1.076,-0.175
1.000,1.199,-0.715
1.000,1.182,-0.673
1.000,1.040,0.169
1.000,1.211,-0.757
1.000,1.171,-0.903
1.000,0.939,0.463
1.000,1.171,-0.345
1.000,1.312,-1.310
1.000,1.149,-1.097
1.000,1.037,0.065
1.000,1.169,-0.477
1.000,1.258,-1.028
1.000,1.183,-0.958
1.000,1.124,-0.657
1.000,0.992,0.385
1.000,1.162,-0.377
1.000,1.211,-0.838
1.000,1.197,-0.840
1.000,1.180,-1.018
1.000,1.013,0.169
1.000,1.155,-0.554
1.000,1.225,-0.678
1.000,1.250,-0.979
1.000,1.190,-1.210
1.000,1.048,-0.073
1.000,1.160,-0.479
1.000,1.170,-0.756
1.000,0.967,0.371
1.000,1.134,-0.390
1.000,1.208,-0.771
1.000,1.171,-0.831
1.000,1.075,-0.089
1.000,1.200,-0.766
1.000,1.215,-0.879
1.000,0.985,0.422
1.000,1.113,-0.240
1.000,1.229,-0.964
1.000,1.220,-0.997
1.000,1.164,-0.972
1.000,1.038,-0.003
1.000,1.148,-0.467
1.000,1.213,-0.718
1.000,1.215,-0.819
1.000,1.141,-0.880
1.000,1.069,0.112
1.000,1.144,-0.243
1.000,1.221,-0.652
1.000,1.218,-0.979
1.000,1.162,-1.003
1.000,1.053,0.165
1.000,1.163,-0.197
1.000,1.241,-0.824
1.000,1.230,-1.144
1.000,1.014,0.197
1.000,1.118,-0.170
1.000,1.194,-0.822
1.000,1.159,-0.859
1.000,1.109,-0.116
1.000,1.175,-0.502
1.000,1.186,-0.946
1.000,0.987,0.186
1.000,1.173,-0.596
1.000,1.219,-0.696
1.000,1.176,-1.064
1.000,1.064,0.028
1.000,1.171,-0.567
1.000,1.206,-0.846
1.000,1.194,-1.077
1.000,0.934,0.353
1.000,1.103,-0.254
1.000,1.212,-0.638
1.000,1.233,-0.893
1.000,1.186,-1.137
1.000,1.053,0.036
1.000,1.192,-0.388
1.000,1.222,-0.676
1.000,1.268,-1.242
1.000,1.161,-1.083
1.000,1.087,0.022
1.000,1.160,-0.249
1.000,1.292,-1.086
1.000,1.195,-1.072
1.000,0.994,0.261
1.000,1.109,-0.226
1.000,1.218,-0.855
1.000,1.130,-0.811
1.000,1.066,0.088
1.000,1.201,-0.531
1.000,1.194,-0.980
1.000,1.069,0.104
1.000,1.173,-0.469
1.000,1.228,-0.888
1.000,1.219,-1.117
1.000,1.023,0.249
1.000,1.106,-0.141
1.000,1.184,-0.557
1.000,1.229,-1.027
1.000,1.159,-1.031
1.000,1.006,0.273
1.000,1.155,-0.197
1.000,1.225,-0.760
1.000,1.228,-1.054
1.000,1.125,-0.854
1.000,1.029,0.294
1.000,1.142,-0.253
1.000,1.248,-0.851
1.000,1.227,-0.989
1.000,1.149,-0.780
1.000,1.067,0.081
1.000,1.161,-0.442
1.000,1.193,-0.762
1.000,1.105,-0.568
1.000,1.127,-0.189
1.000,1.203,-0.706
1.000,1.173,-0.905
1.000,1.048,0.228
1.000,1.196,-0.494
1.000,1.214,-1.017
1.000,1.023,0.214
1.000,1.142,-0.162
1.000,1.227,-0.838
1.000,1.250,-1.252
1.000,1.133,-1.021
1.000,1.030,0.139
1.000,1.179,-0.482
1.000,1.259,-1.006
1.000,1.177,-0.970
1.000,1.123,-0.638
1.000,0.982,0.441
1.000,1.165,-0.358
1.000,1.210,-0.772
1.000,1.193,-0.761
1.000,1.170,-0.852
1.000,1.014,0.251
1.000,1.184,-0.464
1.000,1.244,-0.743
1.000,1.238,-0.938
1.000,1.182,-1.188
1.000,1.051,-0.089
1.000,1.182,-0.552
1.000,1.176,-0.664
1.000,1.009,0.177
1.000,1.161,-0.372
1.000,1.218,-0.659
1.000,1.177,-0.836
1.000,1.079,-0.156
1.000,1.217,-0.827
1.000,1.192,-0.930
1.000,0.995,0.482
1.000,1.083,-0.127
1.000,1.262,-1.017
1.000,1.195,-1.015
1.000,1.130,-0.729
1.000,1.033,0.121
1.000,1.165,-0.500
1.000,1.210,-0.861
1.000,1.143,-0.648
1.000,0.934,0.589
1.000,1.092,-0.049
1.000,1.208,-0.711
1.000,1.203,-0.674
1.000,1.207,-0.971
1.000,0.939,0.488
1.000,1.134,-0.326
1.000,1.193,-0.499
1.000,1.262,-1.043
1.000,1.221,-1.241
1.000,0.993,0.131
1.000,1.136,-0.284
1.000,1.197,-0.772
1.000,1.146,-0.924
1.000,1.086,-0.149
1.000,1.206,-0.505
1.000,1.208,-0.920
1.000,1.012,0.223
1.000,1.174,-0.646
1.000,1.223,-0.869
1.000,0.919,0.658
1.000,1.167,-0.381
1.000,1.214,-0.938
1.000,1.164,-0.912
1.000,0.966,0.475
1.000,1.105,-0.181
1.000,1.218,-0.842
1.000,1.213,-0.901
1.000,1.150,-0.746
1.000,1.015,0.278
1.000,1.198,-0.481
1.000,1.215,-0.675
1.000,1.211,-0.798
1.000,1.173,-1.004
1.000,1.080,0.019
1.000,1.171,-0.369
1.000,1.248,-0.708
1.000,1.234,-1.135
1.000,1.155,-1.142
1.000,1.106,-0.158
1.000,1.198,-0.603
1.000,1.167,-0.868
1.000,1.060,0.050
1.000,1.170,-0.440
1.000,1.178,-0.656
1.000,0.962,0.527
1.000,1.155,-0.376
1.000,1.227,-0.916
1.000,1.164,-0.826
1.000,1.000,0.365
1.000,1.136,-0.226
1.000,1.213,-0.691
1.000,1.218,-0.821
1.000,1.188,-1.075
1.000,0.960,0.283
1.000,1.098,-0.182
1.000,1.187,-0.394
1.000,1.259,-1.002
1.000,1.214,-1.156
1.000,0.991,0.279
1.000,1.085,0.110
1.000,1.215,-0.531
1.000,1.292,-1.168
1.000,1.182,-1.052
1.000,0.965,0.459
1.000,1.127,-0.133
1.000,1.238,-0.868
1.000,1.216,-1.072
1.000,1.103,-0.586
1.000,1.100,-0.100
1.000,1.205,-0.766
1.000,1.155,-0.845
1.000,1.045,0.351
1.000,1.170,-0.383
1.000,1.196,-0.922
1.000,1.022,0.192
1.000,1.124,-0.104
1.000,1.244,-0.699
1.000,1.204,-1.113
1.000,1.039,0.128
1.000,1.161,-0.398
1.000,1.230,-0.781
1.000,1.208,-1.056
1.000,0.989,0.167
1.000,1.081,-0.043
0.200,0.529,-2.729
0.200,0.377,-2.520
0.200,0.396,-1.576
0.200,0.445,-1.922
0.200,0.403,-2.030
0.200,0.363,-2.118
0.200,0.326,-2.104
0.200,0.414,-1.466
0.200,0.436,-1.602
0.200,0.425,-1.925
0.200,0.397,-2.136
0.200,0.330,-1.158
0.200,0.388,-1.624
0.200,0.367,-1.917
0.200,0.319,-2.053
0.200,0.401,-1.584
0.200,0.428,-1.866
0.200,0.379,-2.025
0.200,0.353,-1.350
0.200,0.437,-1.952
0.200,0.406,-2.149
0.200,0.279,-0.814
0.200,0.425,-1.689
0.200,0.446,-2.171
0.200,0.352,-2.140
0.200,0.414,-1.555
0.200,0.425,-2.061
0.200,0.365,-2.218
0.200,0.390,-1.600
0.200,0.444,-2.039
0.200,0.378,-2.019
0.200,0.309,-2.021
0.200,0.399,-1.580
0.200,0.442,-2.008
0.200,0.369,-1.863
0.200,0.304,-1.928
0.200,0.403,-1.540
0.200,0.450,-1.825
0.200,0.416,-1.789
0.200,0.381,-1.906
0.200,0.348,-1.249
0.200,0.450,-1.842
0.200,0.376,-1.791
0.200,0.331,-1.853
0.200,0.343,-1.369
0.200,0.387,-1.823
0.200,0.393,-2.083
0.200,0.307,-1.004
0.200,0.402,-1.657
0.200,0.428,-2.046
0.200,0.349,-2.084
0.200,0.401,-1.453
0.200,0.440,-1.939
0.200,0.387,-2.166
0.200,0.367,-1.346
0.200,0.464,-1.894
0.200,0.420,-2.093
0.200,0.307,-1.224
0.200,0.442,-2.096
0.200,0.404,-2.272
0.200,0.302,-1.947
0.200,0.389,-1.496
0.200,0.430,-1.991
0.200,0.383,-2.124
0.200,0.340,-1.173
0.200,0.433,-1.781
0.200,0.413,-1.996
0.200,0.381,-2.076
0.200,0.365,-1.226
0.200,0.419,-1.454
0.200,0.431,-1.842
0.200,0.415,-2.110
0.200,0.359,-2.128
0.200,0.362,-1.331
0.200,0.389,-1.755
0.200,0.351,-2.001
0.200,0.324,-1.152
0.200,0.421,-1.647
0.200,0.425,-1.962
0.200,0.349,-2.104
0.200,0.402,-1.634
0.200,0.446,-2.082
0.200,0.380,-1.959
0.200,0.347,-1.224
0.200,0.456,-1.940
0.200,0.435,-2.247
0.200,0.297,-0.989
0.200,0.431,-1.806
0.200,0.424,-2.212
0.200,0.336,-2.237
0.200,0.420,-1.760
0.200,0.424,-1.991
0.200,0.349,-2.054
0.200,0.369,-1.329
0.200,0.448,-1.871
0.200,0.400,-1.946
0.200,0.319,-1.964
0.200,0.403,-1.539
0.200,0.458,-1.877
0.200,0.411,-1.925
0.200,0.366,-1.912
0.200,0.352,-1.171
0.200,0.444,-1.731
0.200,0.399,-1.864
0.200,0.335,-1.843
0.200,0.345,-1.455
0.200,0.393,-1.913
0.200,0.379,-1.965
0.200,0.295,-0.927
0.200,0.415,-1.653
0.200,0.407,-2.060
0.200,0.355,-2.172
0.200,0.401,-1.527
0.200,0.450,-1.917
0.200,0.384,-2.121
0.200,0.359,-1.290
0.200,0.462,-1.963
0.200,0.410,-2.102
0.200,0.310,-1.246
0.200,0.455,-2.027
0.200,0.41